1	2	0	0.904837
2	3	0	0.904837
1	3	0	0.843454
3	4	0	0.904837
2	4	0	0.818731
1	4	0	0.740818
4	5	0	0.818731
3	5	0	1.47004
2	5	0	0.67032
1	5	0	0.853128
5	6	0	1.72357
4	6	0	1.41114
3	6	0	1.27685
2	6	0	1.15534
1	6	0	1.78622
6	7	0	2.66948
5	7	0	1.96612
4	7	0	0.939402
3	7	0	0.860058
2	7	0	0.769117
1	7	0	1.18176
7	8	0	1.0051
6	8	0	1.70912
5	8	0	0.752405
4	8	0	0.548812
3	8	0	1.31532
2	8	0	0.449329
1	8	0	0.537615
8	9	0	13.4054
7	9	0	2.14427
6	9	0	2.68799
5	9	0	1.56191
4	9	0	0.945914
3	9	0	0.855899
2	9	0	0.774449
1	9	0	0.801009
9	10	0	1.72357
8	10	0	0.740818
7	10	0	0.781123
6	10	0	1.15534
5	10	0	0.496585
4	10	0	0.40657
3	10	0	0.367879
2	10	0	0.332871
1	10	0	0.325918
10	11	0	0.904837
9	11	0	1.60085
8	11	0	0.819889
7	11	0	1.25776
6	11	0	1.0454
5	11	0	0.449329
4	11	0	0.367879
3	11	0	0.332871
2	11	0	0.301194
1	11	0	1.01335
11	7	0	1.17737
10	7	0	0.818731
9	7	0	1.70759
8	7	0	1.88872
7	12	0	4.6939
11	12	0	0.818731
10	12	0	2.26675
9	12	0	1.36001
8	12	0	0.873392
6	12	0	0.855899
5	12	0	0.399092
4	12	0	0.301194
3	12	0	0.301096
2	12	0	0.246597
1	12	0	0.497211
12	13	0	7.78512
7	13	0	2.28326
11	13	0	0.740818
10	13	0	1.7812
9	13	0	1.15534
8	13	0	0.496585
6	13	0	0.774449
5	13	0	0.332871
4	13	0	0.272532
3	13	0	0.246597
2	13	0	0.22313
1	13	0	0.467361
13	14	0	1.64566
12	14	0	1.48905
7	14	0	2.12016
11	14	0	1.21913
10	14	0	1.10312
9	14	0	1.9685
8	14	0	1.15008
6	14	0	1.27448
5	14	0	0.575115
4	14	0	0.448493
3	14	0	0.678346
2	14	0	0.367195
1	14	0	0.332252
14	15	0	0.904837
13	15	0	1.39076
12	15	0	1.19545
7	15	0	1.06053
11	15	0	0.606531
10	15	0	0.63953
9	15	0	0.945914
8	15	0	0.40657
6	15	0	0.634065
5	15	0	0.272532
4	15	0	0.22313
3	15	0	0.201897
2	15	0	0.182684
1	15	0	0.512104
15	14	0	0.904837
14	16	0	1.64566
15	16	0	0.818731
13	16	0	0.67032
12	16	0	0.606531
7	16	0	1.75484
11	16	0	0.496585
10	16	0	0.449329
9	16	0	0.959526
8	16	0	1.12249
6	16	0	0.519129
5	16	0	0.22313
4	16	0	0.182684
3	16	0	0.165299
2	16	0	0.149569
1	16	0	0.135335
16	17	0	1.98173
14	17	0	2.15812
15	17	0	1.07369
13	17	0	0.879062
12	17	0	0.795409
7	17	0	1.77626
11	17	0	0.666221
10	17	0	0.589253
9	17	0	1.25048
8	17	0	1.48313
6	17	0	0.680789
5	17	0	4.50499
4	17	0	0.239572
3	17	0	1.9034
2	17	0	0.196145
1	17	0	0.188589
17	18	0	1.37876
16	18	0	0.900816
14	18	0	1.34735
15	18	0	0.853004
13	18	0	1.97407
12	18	0	1.02442
7	18	0	1.15863
11	18	0	0.774449
10	18	0	0.367879
9	18	0	0.634065
8	18	0	0.327555
6	18	0	0.425027
5	18	0	0.540734
4	18	0	0.149569
3	18	0	0.346583
2	18	0	0.122456
1	18	0	0.446691
18	19	0	3.15302
17	19	0	4.19057
16	19	0	2.56648
14	19	0	4.96436
15	19	0	2.10126
13	19	0	1.72036
12	19	0	1.55665
7	19	0	2.20625
11	19	0	1.27448
10	19	0	1.15319
9	19	0	2.0374
8	19	0	1.1009
6	19	0	1.33233
5	19	0	2.75898
4	19	0	0.468854
3	19	0	0.798936
2	19	0	0.383865
1	19	0	0.347335
19	20	0	3.13471
18	20	0	1.4393
17	20	0	0.616017
16	20	0	0.541635
14	20	0	0.817208
15	20	0	1.27044
13	20	0	3.93857
12	20	0	2.43077
7	20	0	1.34953
11	20	0	0.448493
10	20	0	0.794955
9	20	0	0.38458
8	20	0	0.195496
6	20	0	0.257792
5	20	0	0.717334
4	20	0	0.090718
3	20	0	0.082085
2	20	0	0.0742736
1	20	0	0.216774
20	21	0	5.48792
19	21	0	12.9298
18	21	0	2.51405
17	21	0	6.19649
16	21	0	2.04828
14	21	0	3.37077
15	21	0	2.15142
13	21	0	2.40618
12	21	0	2.55488
7	21	0	1.74105
11	21	0	1.01715
10	21	0	0.963392
9	21	0	3.10248
8	21	0	7.89651
6	21	0	1.06332
5	21	0	0.457034
4	21	0	0.374187
3	21	0	0.338579
2	21	0	0.306359
1	21	0	0.277205
21	17	0	1.47288
20	17	0	0.893004
19	17	0	3.38521
18	17	0	0.537347
21	22	0	5.72987
17	22	0	1.47527
20	22	0	1.78735
19	22	0	2.47395
18	22	0	1.02647
16	22	0	0.436878
14	22	0	0.644952
15	22	0	0.320871
13	22	0	0.262707
12	22	0	0.337779
7	22	0	1.2038
11	22	0	0.396139
10	22	0	0.176097
9	22	0	1.79257
8	22	0	0.160597
6	22	0	0.203453
5	22	0	0.69285
4	22	0	0.0715959
3	22	0	0.412765
2	22	0	0.0586178
1	22	0	0.20233
22	21	0	4.70571
21	23	0	11.9581
22	23	0	2.65068
17	23	0	2.0506
20	23	0	1.15839
19	23	0	3.63121
18	23	0	0.702599
16	23	0	0.57524
14	23	0	0.946646
15	23	0	0.470966
13	23	0	0.385595
12	23	0	0.3489
7	23	0	0.488957
11	23	0	0.285656
10	23	0	0.258472
9	23	0	0.445494
8	23	0	0.191481
6	23	0	0.298623
5	23	0	0.128353
4	23	0	0.105087
3	23	0	0.0950865
2	23	0	0.0860378
1	23	0	0.0687549
23	21	0	7.03434
23	22	0	1.83444
23	24	0	2.03327
21	24	0	5.22049
22	24	0	1.14424
17	24	0	1.12161
20	24	0	0.189662
19	24	0	0.383865
18	24	0	0.111157
16	24	0	0.0608101
14	24	0	0.100072
15	24	0	0.0497871
13	24	0	0.0407622
12	24	0	0.0368832
7	24	0	0.101476
11	24	0	0.0437659
10	24	0	0.0273237
9	24	0	4.45653
8	24	0	4.21392
6	24	0	0.0315683
5	24	0	0.0543308
4	24	0	0.011109
3	24	0	0.416622
24	3	0	0.889272
23	3	0	1.79903
21	3	0	3.18354
22	3	0	1.8873
17	3	0	1.01538
20	3	0	0.270109
19	3	0	1.23339
18	3	0	0.154289
16	3	0	0.0520472
14	3	0	0.0856519
15	3	0	0.0426127
13	3	0	0.0348883
12	3	0	0.0481409
7	3	0	0.166016
11	3	0	0.0592192
10	3	0	0.0233863
9	3	0	0.27781
1	3	1	0.9
2	3	1	0.9
4	3	1	0.9
5	3	1	0.9
6	3	1	1.5
24	22	0	0.0742736
1	22	1	0.3
2	22	1	0.3
3	22	1	0.3
4	22	1	0.3
5	22	1	0.3
6	22	1	0.6
7	22	1	0.6
8	22	1	7.5
9	22	1	1.8
10	22	1	0.3
11	22	1	0.3
12	22	1	0.3
13	22	1	0.3
14	22	1	0.6
15	22	1	0.3
16	22	1	0.3
17	22	1	0.3
18	22	1	0.3
19	22	1	0.6
22	25	0	0.963455
3	25	0	0.314867
24	25	0	1.73519
23	25	0	0.136647
21	25	0	0.326588
17	25	0	0.0650751
1	25	1	0.3
2	25	1	0.3
3	25	1	0.3
4	25	1	0.3
5	25	1	0.3
6	25	1	0.6
7	25	1	0.6
8	25	1	5.7
9	25	1	1.5
10	25	1	0.3
11	25	1	0.3
12	25	1	0.3
13	25	1	0.3
14	25	1	0.6
15	25	1	0.3
16	25	1	0.3
17	25	1	0.3
18	25	1	0.3
19	25	1	0.9
25	5	0	2.32603
22	5	0	2.22224
24	5	0	0.205313
23	5	0	0.316471
21	5	0	0.549598
1	5	1	0.9
2	5	1	0.9
3	5	1	0.9
4	5	1	0.9
6	5	1	1.8
7	5	1	1.8
8	5	1	4.5
9	5	1	2.1
10	5	1	0.9
11	5	1	0.9
12	5	1	0.9
13	5	1	0.9
14	5	1	1.8
15	5	1	0.9
16	5	1	0.9
17	5	1	1.2
18	5	1	0.9
19	5	1	3.6
5	26	0	0.927208
25	26	0	0.86378
22	26	0	0.938101
3	26	0	0.480922
24	26	0	0.603835
23	26	0	0.111877
21	26	0	0.182406
1	26	1	1.8
2	26	1	0.3
3	26	1	0.3
4	26	1	0.3
5	26	1	0.3
6	26	1	0.6
7	26	1	2.1
8	26	1	0.6
9	26	1	1.2
10	26	1	0.3
11	26	1	0.3
12	26	1	3.3
13	26	1	0.3
14	26	1	0.6
15	26	1	0.6
16	26	1	0.6
17	26	1	0.6
18	26	1	0.3
19	26	1	1.2
20	26	1	0.3
26	5	0	1.72357
20	5	1	0.6
21	5	1	0.6
26	17	0	1.28963
25	17	0	1.2373
22	17	0	1.30358
24	17	0	0.601286
23	17	0	0.13605
1	17	1	0.6
2	17	1	0.6
3	17	1	0.6
4	17	1	0.6
5	17	1	0.6
6	17	1	1.2
7	17	1	1.8
8	17	1	3.6
9	17	1	1.8
10	17	1	0.6
11	17	1	0.6
12	17	1	0.6
13	17	1	0.6
14	17	1	1.2
15	17	1	0.6
16	17	1	0.9
18	17	1	0.6
19	17	1	2.4
20	17	1	0.6
21	17	1	2.4
26	19	0	1.57516
25	19	0	0.589574
22	19	0	0.656392
24	19	0	0.533468
23	19	0	0.0749934
21	19	0	0.0982075
1	19	1	0.6
2	19	1	0.3
3	19	1	0.3
4	19	1	0.3
5	19	1	0.3
6	19	1	0.6
7	19	1	1.2
8	19	1	0.6
9	19	1	1.2
10	19	1	0.3
11	19	1	0.6
12	19	1	0.6
13	19	1	0.3
14	19	1	0.6
15	19	1	0.3
16	19	1	0.6
17	19	1	0.9
18	19	1	0.3
20	19	1	0.3
21	19	1	1.5
5	3	0	2.06021
26	3	0	0.606531
25	3	0	0.698482
7	3	1	0.9
8	3	1	3.3
9	3	1	1.2
10	3	1	0.3
11	3	1	0.3
12	3	1	0.3
13	3	1	0.3
14	3	1	0.6
15	3	1	0.3
16	3	1	0.3
17	3	1	0.6
18	3	1	0.3
19	3	1	1.2
20	3	1	0.3
21	3	1	1.5
22	3	1	0.3
22	17	1	0.3
17	27	0	4.47432
3	27	0	2.67196
19	27	0	2.10434
5	27	0	4.55816
26	27	0	6.71672
25	27	0	1.15488
22	27	0	1.08446
24	27	0	0.058892
23	27	0	0.076674
21	27	0	0.950769
1	27	1	6.3
2	27	1	1.2
3	27	1	1.8
4	27	1	1.8
5	27	1	3
6	27	1	4.2
7	27	1	7.5
8	27	1	2.1
9	27	1	4.2
10	27	1	2.1
11	27	1	2.1
12	27	1	13.8
13	27	1	2.4
14	27	1	4.2
15	27	1	3.9
16	27	1	2.1
17	27	1	4.8
18	27	1	2.4
19	27	1	8.7
20	27	1	2.1
21	27	1	15.3
22	27	1	3.3
23	27	1	6.3
27	28	0	5.75087
17	28	0	2.72915
3	28	0	0.810319
19	28	0	0.634065
5	28	0	1.37344
26	28	0	0.792906
25	28	0	0.896913
22	28	0	0.314867
24	28	0	3.23237
23	28	0	0.0211608
21	28	0	2.24318
1	28	1	1.2
2	28	1	0.6
3	28	1	0.6
4	28	1	0.6
5	28	1	0.6
6	28	1	1.2
7	28	1	1.8
8	28	1	12
9	28	1	1.2
10	28	1	0.6
11	28	1	0.6
12	28	1	3.3
13	28	1	0.6
14	28	1	1.2
15	28	1	0.6
16	28	1	0.6
17	28	1	1.2
18	28	1	0.9
19	28	1	2.4
20	28	1	0.6
21	28	1	3.9
22	28	1	0.6
23	28	1	1.8
28	29	0	1.15534
27	29	0	2.59155
17	29	0	1.05875
3	29	0	0.534659
19	29	0	0.182684
5	29	0	0.425904
26	29	0	0.122456
25	29	0	0.161069
22	29	0	0.292239
1	29	1	0.3
2	29	1	0.3
3	29	1	0.9
4	29	1	0.3
5	29	1	0.9
6	29	1	0.6
7	29	1	1.5
8	29	1	1.2
9	29	1	1.2
10	29	1	0.3
11	29	1	0.3
12	29	1	1.8
13	29	1	0.3
14	29	1	0.6
15	29	1	0.3
16	29	1	0.6
17	29	1	2.1
18	29	1	0.9
19	29	1	1.8
20	29	1	0.3
21	29	1	3.3
22	29	1	0.6
23	29	1	1.2
24	29	1	1.5
29	18	0	1.57391
28	18	0	2.00896
27	18	0	1.24418
19	18	0	0.165299
26	18	0	0.110803
25	18	0	0.101827
22	18	0	0.082085
1	18	1	0.3
2	18	1	0.3
3	18	1	0.3
4	18	1	0.3
5	18	1	0.3
6	18	1	0.6
7	18	1	0.9
8	18	1	3.9
9	18	1	0.9
10	18	1	0.3
11	18	1	0.3
12	18	1	1.2
13	18	1	0.3
14	18	1	0.6
15	18	1	0.3
16	18	1	0.3
17	18	1	0.6
19	18	1	1.2
20	18	1	0.3
21	18	1	2.7
22	18	1	0.6
23	18	1	1.2
24	18	1	0.6
18	27	0	3.44942
29	27	0	2.96906
28	27	0	6.79646
24	27	1	1.2
27	30	0	11.611
18	30	0	3.81233
29	30	0	3.69568
28	30	0	4.89337
17	30	0	0.56863
3	30	0	0.295561
19	30	0	0.267435
5	30	0	0.570189
26	30	0	0.179267
25	30	0	0.30384
22	30	0	0.125357
6	30	1	0.6
7	30	1	3.6
8	30	1	1.5
9	30	1	1.8
10	30	1	0.9
11	30	1	0.9
12	30	1	10.5
13	30	1	0.9
14	30	1	1.8
15	30	1	0.9
16	30	1	0.9
17	30	1	5.1
18	30	1	2.1
19	30	1	6.9
20	30	1	1.5
21	30	1	18.6
22	30	1	5.4
23	30	1	9.9
24	30	1	3.9
3	30	1	6
30	31	0	2.39389
27	31	0	2.326
18	31	0	0.367879
29	31	0	0.332871
28	31	0	0.38458
17	31	0	0.129297
3	31	0	0.0672055
19	31	0	0.0608101
5	31	0	0.131719
26	31	0	0.0407622
25	31	0	0.0333733
22	31	0	0.0301974
9	31	1	0.6
10	31	1	0.3
11	31	1	0.3
7	31	1	0.3
12	31	1	0.3
13	31	1	0.3
14	31	1	0.6
15	31	1	0.3
16	31	1	0.3
17	31	1	0.6
18	31	1	0.3
19	31	1	1.2
20	31	1	0.3
21	31	1	2.7
22	31	1	0.6
23	31	1	1.2
24	31	1	0.3
3	31	1	0.6
31	32	0	4.21657
30	32	0	10.8018
27	32	0	9.79953
18	32	0	1.55119
29	32	0	1.40358
28	32	0	1.62161
17	32	0	0.532226
3	32	0	0.276639
19	32	0	0.250313
5	32	0	0.542199
26	32	0	0.16779
25	32	0	0.137375
22	32	0	0.124302
9	32	1	0.3
10	32	1	0.6
11	32	1	0.9
7	32	1	0.9
12	32	1	1.2
13	32	1	1.5
14	32	1	3.6
15	32	1	1.8
16	32	1	1.8
17	32	1	3.9
18	32	1	1.8
19	32	1	7.5
20	32	1	1.8
21	32	1	18
22	32	1	4.2
23	32	1	8.4
24	32	1	2.1
3	32	1	4.5
32	30	0	10.6207
31	30	0	0.857081
30	12	0	17.4234
32	12	0	6.70984
31	12	0	0.571673
27	12	0	6.1855
18	12	0	1.70888
29	12	0	2.07644
28	12	0	3.17019
17	12	0	0.725275
19	12	0	0.0258459
19	12	1	2.1
20	12	1	0.6
21	12	1	8.1
17	12	1	3
22	12	1	3.3
23	12	1	3.9
24	12	1	2.7
3	12	1	4.2
25	12	1	1.5
12	7	0	1.65511
30	7	0	2.86751
32	7	0	1.3852
31	7	0	0.149569
27	7	0	0.347897
18	7	0	0.795841
29	7	0	0.0497871
28	7	0	2.03987
17	7	0	0.842645
17	7	1	0.9
21	7	1	2.4
22	7	1	0.9
23	7	1	1.2
24	7	1	3
3	7	1	0.9
25	7	1	1.2
5	7	1	1.5
26	7	1	0.6
7	32	0	0.67032
12	32	0	0.945914
25	32	1	0.3
5	32	1	0.9
26	32	1	0.3
7	30	0	2.56955
12	30	0	12.1418
25	30	1	1.5
5	30	1	3.6
26	30	1	1.2
27	30	1	6.9
5	12	1	3
26	12	1	0.9
27	12	1	7.8
12	33	0	13.3669
30	33	0	16.2039
32	33	0	3.87426
7	33	0	2.08072
31	33	0	0.193133
27	33	0	2.3821
18	33	0	0.908191
29	33	0	0.0692089
21	33	1	2.4
22	33	1	3.9
23	33	1	0.9
24	33	1	2.7
3	33	1	8.1
25	33	1	3.6
5	33	1	9.9
26	33	1	3.3
17	33	1	6.6
19	33	1	3.3
27	33	1	15.6
28	33	1	5.7
33	12	0	5.51546
28	12	1	1.5
12	1	0	3.24055
33	1	0	6.21684
30	1	0	2.46167
32	1	0	0.57725
7	1	0	1.08941
31	1	0	0.0247235
27	1	0	0.0484338
23	1	1	0.3
24	1	1	1.5
3	1	1	1.2
22	1	1	0.6
25	1	1	0.9
5	1	1	1.8
26	1	1	1.2
17	1	1	1.2
19	1	1	0.6
27	1	1	5.4
28	1	1	1.8
1	33	0	4.98626
29	33	1	2.1
18	33	1	1.8
30	33	1	5.1
29	1	1	0.3
18	1	1	0.6
30	1	1	3
31	1	1	0.3
31	33	1	0.6
32	33	1	3.6
33	34	0	1.62481
1	34	0	1.95844
12	34	0	0.156698
30	34	0	0.12474
32	34	0	0.0202419
7	34	0	0.0135686
22	34	1	0.3
25	34	1	0.6
5	34	1	0.9
26	34	1	1.5
17	34	1	0.6
19	34	1	0.3
3	34	1	0.3
27	34	1	7.2
28	34	1	1.8
29	34	1	0.3
18	34	1	0.9
30	34	1	5.4
31	34	1	0.3
32	34	1	1.8
34	15	0	0.904837
33	15	0	2.37503
30	15	0	1.15664
32	15	0	0.0183156
22	15	1	0.3
25	15	1	0.3
5	15	1	0.9
26	15	1	0.3
17	15	1	0.6
19	15	1	0.3
3	15	1	0.3
27	15	1	2.1
28	15	1	0.6
29	15	1	0.3
18	15	1	0.3
30	15	1	2.7
31	15	1	0.3
32	15	1	2.1
15	33	0	0.904837
34	33	0	1.12464
33	7	0	4.02901
15	7	0	0.818731
34	7	0	1.56642
19	7	1	0.3
27	7	1	2.1
28	7	1	0.6
29	7	1	0.3
18	7	1	0.3
30	7	1	1.5
31	7	1	0.3
32	7	1	1.8
12	7	1	0.3
7	27	0	0.960881
33	27	0	4.52843
15	27	0	3.61326
34	27	0	0.702743
1	27	0	0.25692
12	27	0	4.22564
30	27	0	8.84428
32	27	0	0.0135686
26	27	1	0.3
28	27	1	0.6
29	27	1	2.1
30	27	1	13.5
31	27	1	0.3
32	27	1	6
27	35	0	0.904837
7	35	0	0.818731
33	35	0	1.72632
15	35	0	0.67032
34	35	0	0.606531
1	35	0	0.232471
12	35	0	0.0889456
30	35	0	0.0756584
32	35	0	0.0122773
26	35	1	0.3
5	35	1	0.6
17	35	1	0.6
19	35	1	0.3
3	35	1	0.3
27	35	1	2.1
28	35	1	0.6
29	35	1	0.3
18	35	1	0.3
30	35	1	1.5
31	35	1	0.3
32	35	1	1.8
12	35	1	0.6
35	29	0	1.64566
7	29	0	1.38423
33	29	0	2.87429
15	29	0	1.10312
34	29	0	0.998141
1	29	0	0.382567
12	29	0	1.05121
30	29	0	0.124508
32	29	0	0.011109
27	29	1	4.2
28	29	1	2.1
30	29	1	3.3
31	29	1	0.6
32	29	1	3.6
35	12	0	1.22215
15	12	0	1.2258
34	12	0	0.964401
29	12	1	1.2
18	12	1	0.9
30	12	1	10.8
31	12	1	1.2
32	12	1	8.4
7	12	1	1.5
29	36	0	7.76747
12	36	0	5.7899
35	36	0	3.1639
27	36	0	2.86282
7	36	0	2.59038
33	36	0	5.42914
15	36	0	2.12083
34	36	0	1.919
1	36	0	0.732168
30	36	0	2.84445
19	36	1	0.3
3	36	1	0.6
17	36	1	0.9
27	36	1	12.3
28	36	1	3.6
29	36	1	1.8
18	36	1	1.8
30	36	1	13.2
31	36	1	2.1
32	36	1	14.1
12	36	1	5.7
7	36	1	2.1
36	13	0	13.8505
29	13	0	3.0542
35	13	0	1.23996
27	13	0	3.08851
33	13	0	2.56047
15	13	0	1.4377
34	13	0	0.752075
30	13	0	8.09073
27	13	1	6.9
28	13	1	1.2
29	13	1	1.2
18	13	1	1.2
30	13	1	16.2
31	13	1	1.8
32	13	1	12.9
12	13	1	8.1
7	13	1	2.4
13	36	0	3.74966
13	30	0	12.9898
36	30	0	11.9388
35	30	0	0.871416
33	30	0	1.30709
15	30	0	0.584128
34	30	0	1.13507
1	30	0	0.157647
28	30	1	0.6
29	30	1	0.9
31	30	1	2.1
32	30	1	14.7
30	18	0	0.972043
36	18	0	3.31243
35	18	0	0.272532
33	18	0	0.60272
34	18	0	0.206061
27	18	1	1.5
28	18	1	0.6
29	18	1	0.3
30	18	1	2.7
31	18	1	0.3
32	18	1	2.1
18	37	0	0.904837
30	37	0	1.48905
13	37	0	1.28963
36	37	0	2.99721
29	37	0	0.605403
12	37	0	0.312303
35	37	0	0.246597
27	37	0	0.22313
7	37	0	0.942715
33	37	0	0.410028
15	37	0	0.165299
34	37	0	0.556138
1	37	0	0.0573265
28	37	1	0.6
29	37	1	0.3
18	37	1	0.3
27	37	1	1.2
30	37	1	2.7
31	37	1	0.3
32	37	1	2.1
12	37	1	1.2
7	37	1	0.3
37	28	0	2.08054
18	28	0	0.859493
30	28	0	3.18398
13	28	0	1.6845
36	28	0	3.01231
29	28	0	0.575064
12	28	0	2.63407
35	28	0	0.234239
7	28	0	3.70315
33	28	0	2.86738
15	28	0	1.05441
34	28	0	1.04435
1	28	0	1.77544
29	28	1	0.3
27	28	1	1.2
30	28	1	4.2
31	28	1	0.3
32	28	1	2.4
33	28	1	3.3
37	12	0	2.20499
13	12	0	5.57913
36	12	0	5.01343
33	12	1	7.2
37	30	0	2.31236
33	30	1	10.5
28	13	0	2.75524
37	13	0	1.88652
18	13	0	1.70699
33	13	1	9.6
13	10	0	2.43133
30	10	0	1.19015
12	10	0	0.835619
28	10	0	0.606531
37	10	0	0.548812
18	10	0	0.496585
36	10	0	1.64491
29	10	0	0.332252
35	10	0	0.135335
27	10	0	0.122456
33	10	0	0.203835
15	10	0	0.090718
34	10	0	0.082085
29	10	1	0.3
18	10	1	0.3
27	10	1	1.2
30	10	1	2.7
31	10	1	0.3
32	10	1	2.1
12	10	1	1.5
7	10	1	0.3
33	10	1	0.9
1	10	1	0.3
10	30	0	2.86354
1	30	1	1.5
1	12	1	1.2
1	13	1	1.2
10	36	0	0.496585
28	36	0	0.301194
37	36	0	0.272532
18	36	0	0.246597
33	36	1	2.1
1	36	1	0.3
13	38	0	2.56366
36	38	0	1.4875
30	38	0	2.22284
12	38	0	1.44285
10	38	0	0.40657
28	38	0	0.246597
37	38	0	0.22313
18	38	0	0.201897
29	38	0	0.135084
35	38	0	0.0550232
27	38	0	0.0497871
7	38	0	0.0450492
33	38	0	0.0590778
15	38	0	0.0368832
34	38	0	0.0333733
1	38	0	0.0100518
30	38	1	2.4
31	38	1	0.3
32	38	1	2.1
12	38	1	1.5
7	38	1	0.3
33	38	1	2.4
1	38	1	0.3
38	30	0	1.64566
38	27	0	1.87474
13	27	0	8.23066
36	27	0	2.69744
10	27	0	0.762211
37	27	0	0.41831
35	27	0	0.0684514
33	27	1	28.5
27	39	0	0.935035
30	39	0	3.00257
38	39	0	0.606531
13	39	0	1.55494
36	39	0	0.902214
12	39	0	1.32446
10	39	0	0.246597
28	39	0	2.51955
37	39	0	0.381932
18	39	0	0.122456
29	39	0	0.0819324
35	39	0	0.0333733
7	39	0	0.616577
33	39	0	0.403712
15	39	0	0.0223708
34	39	0	0.120501
32	39	1	1.8
30	39	1	1.8
12	39	1	1.5
7	39	1	0.3
33	39	1	2.7
1	39	1	0.6
39	26	0	1.15143
27	26	0	3.01942
30	26	0	3.26693
38	26	0	0.69838
13	26	0	1.79041
36	26	0	1.03884
12	26	0	1.00766
10	26	0	0.28394
28	26	0	0.913037
37	26	0	0.15583
18	26	0	0.161242
29	26	0	0.826063
35	26	0	0.0301974
7	26	0	0.0520472
33	26	0	0.663677
15	26	0	0.690562
34	26	0	0.0183156
32	26	1	1.8
30	26	1	3.3
33	26	1	6.3
26	40	0	0.904837
39	40	0	1.06533
27	40	0	0.765542
30	40	0	2.36372
38	40	0	0.496585
13	40	0	1.27308
36	40	0	0.73867
12	40	0	0.827303
10	40	0	0.201897
28	40	0	0.706887
37	40	0	0.171613
18	40	0	0.706789
29	40	0	0.0670805
35	40	0	0.0273237
7	40	0	0.98641
33	40	0	0.851778
15	40	0	0.0183156
34	40	0	0.0412962
32	40	1	1.2
30	40	1	1.8
12	40	1	1.5
7	40	1	0.3
33	40	1	2.7
1	40	1	0.6
40	20	0	3.7371
26	20	0	2.56274
39	20	0	2.54199
27	20	0	3.43597
30	20	0	6.61612
38	20	0	1.40646
36	20	0	2.09211
28	20	0	1.78048
37	20	0	0.368847
29	20	0	0.18999
35	20	0	0.077388
33	20	0	1.54311
34	20	0	0.0632122
32	20	1	3
30	20	1	6.9
12	20	1	6
7	20	1	1.2
33	20	1	11.4
1	20	1	2.4
20	41	0	2.46439
40	41	0	0.67032
26	41	0	0.606531
39	41	0	1.28963
27	41	0	0.513158
30	41	0	1.67958
38	41	0	0.332871
13	41	0	0.853369
36	41	0	0.495146
12	41	0	0.813155
10	41	0	0.135335
28	41	0	3.81411
37	41	0	0.256957
18	41	0	0.0672055
29	41	0	0.0449654
35	41	0	0.0183156
7	41	0	0.451525
33	41	0	0.2861
15	41	0	0.0122773
34	41	0	0.0853826
30	41	1	1.8
12	41	1	1.5
7	41	1	0.3
32	41	1	0.3
33	41	1	3
1	41	1	0.6
41	27	0	3.61826
20	27	0	12.3692
40	27	0	2.42539
39	27	0	1.98575
41	33	0	1.4406
20	33	0	1.82566
40	33	0	0.496585
26	33	0	0.449329
39	33	0	0.739441
38	33	0	0.246597
13	33	0	0.632192
36	33	0	0.366813
10	33	0	0.100259
28	33	0	1.70284
37	33	0	0.807428
35	33	0	0.0135686
12	33	1	1.5
7	33	1	0.3
1	33	1	0.6
27	15	0	1.90353
41	15	0	0.67032
20	15	0	1.65193
40	15	0	0.449329
26	15	0	0.40657
39	15	0	0.367879
38	15	0	0.22313
36	15	0	0.331906
28	15	0	0.0550232
37	15	0	0.0497871
18	15	0	0.0450492
29	15	0	0.0301412
35	15	0	0.0122773
12	15	1	1.5
7	15	1	0.3
33	15	1	3
1	15	1	0.6
41	28	0	3.62315
20	28	0	1.49473
40	28	0	0.40657
39	28	0	0.332871
38	28	0	0.201897
10	28	0	0.082085
34	28	1	0.3
41	20	0	0.868321
34	20	1	0.3
15	20	1	0.3
34	27	1	1.8
20	26	0	1.96293
41	26	0	0.460438
40	26	0	0.334567
34	26	1	0.6
26	13	0	1.15143
20	13	0	1.74276
41	13	0	0.40657
40	13	0	0.272532
39	13	0	0.22313
38	13	0	0.135335
34	13	1	0.3
15	13	1	0.3
35	27	1	1.5
26	12	0	0.77183
20	12	0	1.16821
41	12	0	0.455215
40	12	0	0.182684
39	12	0	0.149569
38	12	0	0.090718
34	12	1	0.3
15	12	1	0.3
35	12	1	0.3
36	27	1	1.8
27	21	0	6.6084
26	21	0	0.900652
28	21	0	0.550429
33	21	0	0.42928
41	21	0	0.318019
40	21	0	0.213174
39	21	0	0.174532
30	21	0	0.486966
38	21	0	0.105859
36	21	0	0.0866702
37	21	0	0.0236204
30	21	1	1.5
12	21	1	2.1
33	21	1	6.6
1	21	1	2.4
34	21	1	3
15	21	1	0.6
7	21	1	0.6
27	21	1	0.6
35	21	1	0.6
29	21	1	1.2
36	21	1	3
13	21	1	0.3
21	42	0	2.13402
27	42	0	3.01495
12	42	0	0.566213
13	42	0	0.393965
26	42	0	0.346805
20	42	0	1.13144
28	42	0	0.532691
15	42	0	0.182684
33	42	0	0.621656
41	42	0	0.316249
40	42	0	0.630897
39	42	0	0.202541
30	42	0	0.205604
38	42	0	0.0407622
36	42	0	0.0333733
10	42	0	0.0165727
30	42	1	0.6
12	42	1	0.9
33	42	1	3.3
1	42	1	0.6
34	42	1	0.3
15	42	1	0.3
7	42	1	0.3
27	42	1	0.3
35	42	1	0.3
29	42	1	0.6
36	42	1	1.8
13	42	1	0.6
42	8	0	4.05659
21	8	0	9.47385
27	8	0	8.99939
12	8	0	1.45048
13	8	0	1.07822
26	8	0	1.02506
20	8	0	1.689
28	8	0	1.3185
15	8	0	0.543883
33	8	0	0.582844
41	8	0	1.01187
40	8	0	0.358609
39	8	0	0.223543
30	8	0	0.446866
38	8	0	0.109823
36	8	0	0.0899158
10	8	0	0.0250474
30	8	1	10.2
12	8	1	8.4
33	8	1	14.4
1	8	1	5.1
34	8	1	7.2
15	8	1	2.7
7	8	1	2.4
27	8	1	6.3
35	8	1	2.4
29	8	1	4.8
36	8	1	15.3
13	8	1	10.2
8	43	0	0.904837
42	43	0	0.818731
21	43	0	1.28963
27	43	0	2.46843
12	43	0	0.404694
13	43	0	0.322551
26	43	0	0.28394
20	43	0	0.42976
28	43	0	0.165299
15	43	0	0.149569
33	43	0	0.135335
41	43	0	0.100259
40	43	0	0.0672055
39	43	0	0.0550232
30	43	0	0.150019
38	43	0	0.0333733
36	43	0	0.0273237
10	43	0	0.0135686
12	43	1	0.9
33	43	1	3.3
1	43	1	0.6
34	43	1	0.3
15	43	1	0.3
7	43	1	0.3
27	43	1	0.3
35	43	1	0.3
29	43	1	0.6
36	43	1	1.8
13	43	1	0.6
30	43	1	0.3
18	43	1	0.3
43	44	0	0.929561
8	44	0	5.75183
42	44	0	0.958237
21	44	0	2.53711
27	44	0	2.26015
12	44	0	1.18127
13	44	0	0.291857
26	44	0	0.25692
20	44	0	1.12968
28	44	0	1.8775
15	44	0	0.135335
33	44	0	1.28638
41	44	0	0.462752
40	44	0	0.73113
39	44	0	0.215086
30	44	0	0.426503
38	44	0	0.0301974
36	44	0	0.0247235
10	44	0	0.0122773
33	44	1	5.7
12	44	1	6.9
1	44	1	0.6
34	44	1	0.9
15	44	1	2.7
7	44	1	0.3
27	44	1	20.7
35	44	1	0.3
29	44	1	1.2
36	44	1	5.4
13	44	1	9
30	44	1	10.8
18	44	1	0.6
37	44	1	0.6
44	45	0	10.1177
43	45	0	0.848928
8	45	0	37.3062
42	45	0	1.36536
21	45	0	15.6654
27	45	0	2.06355
12	45	0	0.342444
13	45	0	0.254988
26	45	0	0.232471
20	45	0	0.351858
28	45	0	0.135335
15	45	0	0.122456
33	45	0	0.110803
41	45	0	0.082085
40	45	0	0.0550232
39	45	0	0.0450492
30	45	0	0.114595
38	45	0	0.0273237
36	45	0	0.0223708
10	45	0	0.011109
33	45	1	3.6
12	45	1	2.1
1	45	1	7.5
34	45	1	14.4
15	45	1	0.9
7	45	1	0.3
27	45	1	4.5
35	45	1	0.6
29	45	1	1.2
36	45	1	4.2
13	45	1	3
30	45	1	3
18	45	1	0.6
37	45	1	0.6
28	45	1	1.2
45	8	0	41.5801
44	8	0	9.2582
43	8	0	2.5585
18	8	1	2.1
37	8	1	2.1
28	8	1	3.3
8	46	0	21.3419
45	46	0	4.39059
44	46	0	2.77221
43	46	0	1.2406
42	46	0	2.51108
21	46	0	2.34309
27	46	0	3.06232
12	46	0	0.478719
13	46	0	0.347863
26	46	0	0.352255
20	46	0	0.533159
28	46	0	0.8116
15	46	0	0.185554
33	46	0	0.167896
41	46	0	0.673192
40	46	0	0.0833749
39	46	0	0.0682616
30	46	0	0.12775
38	46	0	0.0414027
36	46	0	0.0165727
12	46	1	3.3
1	46	1	1.2
33	46	1	5.1
34	46	1	0.9
15	46	1	0.9
7	46	1	0.9
27	46	1	0.9
35	46	1	0.9
29	46	1	1.8
36	46	1	5.4
13	46	1	3.6
30	46	1	3
18	46	1	0.9
37	46	1	0.9
28	46	1	0.9
46	47	0	0.904837
8	47	0	3.11054
45	47	0	1.82714
44	47	0	1.67248
43	47	0	0.548812
42	47	0	0.449329
21	47	0	0.707764
27	47	0	1.3547
12	47	0	0.213006
13	47	0	0.164185
26	47	0	0.15583
20	47	0	0.235857
28	47	0	0.090718
15	47	0	0.082085
33	47	0	0.0742736
41	47	0	0.0550232
40	47	0	0.0368832
39	47	0	0.0301974
30	47	0	0.0685858
38	47	0	0.0183156
36	47	0	0.0149956
1	47	1	0.6
33	47	1	2.4
34	47	1	0.3
15	47	1	0.3
7	47	1	0.3
27	47	1	1.8
35	47	1	0.3
29	47	1	0.6
12	47	1	0.9
36	47	1	1.8
13	47	1	1.5
30	47	1	0.6
18	47	1	0.3
37	47	1	0.3
28	47	1	0.3
47	48	0	0.904837
46	48	0	0.818731
8	48	0	1.86047
45	48	0	0.606531
44	48	0	0.548812
43	48	0	0.496585
42	48	0	0.40657
21	48	0	0.640411
27	48	0	1.22579
12	48	0	0.192735
13	48	0	0.148561
26	48	0	0.141001
20	48	0	0.213413
28	48	0	0.082085
15	48	0	0.0742736
33	48	0	0.0672055
41	48	0	0.0497871
40	48	0	0.0333733
39	48	0	0.0273237
30	48	0	0.0529638
38	48	0	0.0165727
36	48	0	0.0135686
33	48	1	2.4
1	48	1	0.3
34	48	1	0.3
15	48	1	0.3
7	48	1	0.3
27	48	1	0.3
35	48	1	0.3
29	48	1	0.6
12	48	1	0.6
36	48	1	1.8
13	48	1	1.2
30	48	1	0.6
18	48	1	0.3
37	48	1	0.3
28	48	1	0.3
10	48	1	0.3
48	49	0	0.904837
47	49	0	0.91899
46	49	0	2.35566
8	49	0	6.12174
45	49	0	0.643334
44	49	0	0.533468
43	49	0	0.449329
42	49	0	0.367879
21	49	0	0.579468
27	49	0	1.10914
12	49	0	0.165299
13	49	0	0.134424
26	49	0	0.127583
20	49	0	0.193104
28	49	0	0.0742736
15	49	0	0.0672055
33	49	0	0.0608101
41	49	0	0.0450492
40	49	0	0.0301974
39	49	0	0.0247235
30	49	0	0.0479236
38	49	0	0.0149956
36	49	0	0.0122773
33	49	1	2.1
1	49	1	0.3
34	49	1	0.3
15	49	1	0.3
7	49	1	0.3
27	49	1	0.3
35	49	1	0.3
29	49	1	0.6
12	49	1	0.6
36	49	1	1.8
13	49	1	1.2
30	49	1	0.9
18	49	1	0.3
37	49	1	0.3
28	49	1	0.3
10	49	1	0.3
49	8	0	2.60328
48	8	0	2.3105
47	8	0	6.32612
46	8	0	22.9875
10	8	1	1.5
49	46	0	1.86276
48	46	0	1.27685
47	46	0	3.84433
10	46	1	0.6
46	50	0	4.56698
8	50	0	9.81915
49	50	0	0.756099
48	50	0	0.548812
47	50	0	1.44111
45	50	0	3.61949
44	50	0	7.33495
43	50	0	0.272532
42	50	0	1.23648
21	50	0	1.1702
27	50	0	0.672726
12	50	0	0.100259
13	50	0	0.0672055
26	50	0	0.0773827
20	50	0	0.117123
28	50	0	0.0450492
15	50	0	0.0407622
33	50	0	0.0368832
41	50	0	0.0273237
40	50	0	0.0183156
39	50	0	0.0149956
30	50	0	0.0223292
33	50	1	2.1
1	50	1	0.3
34	50	1	0.3
15	50	1	1.2
7	50	1	0.3
27	50	1	9
35	50	1	0.3
29	50	1	0.6
12	50	1	2.4
36	50	1	1.8
13	50	1	2.4
30	50	1	1.8
18	50	1	0.3
37	50	1	0.3
28	50	1	1.2
10	50	1	0.3
50	51	0	2.10564
46	51	0	5.1048
8	51	0	15.8494
49	51	0	1.45365
48	51	0	0.496585
47	51	0	0.965074
45	51	0	0.810814
44	51	0	0.519678
43	51	0	0.246597
42	51	0	0.201897
21	51	0	0.318019
27	51	0	0.608707
12	51	0	0.090718
13	51	0	0.0608101
26	51	0	0.0700188
20	51	0	0.105978
28	51	0	0.0407622
15	51	0	0.0368832
33	51	0	0.0333733
41	51	0	0.0247235
40	51	0	0.0165727
39	51	0	0.0135686
30	51	0	0.011109
33	51	1	1.2
1	51	1	0.3
34	51	1	0.3
15	51	1	0.3
7	51	1	0.3
27	51	1	0.3
35	51	1	0.3
29	51	1	0.6
12	51	1	1.2
36	51	1	2.1
13	51	1	1.5
30	51	1	1.5
18	51	1	0.3
37	51	1	0.3
28	51	1	0.3
10	51	1	0.3
51	8	0	5.60609
50	8	0	6.51444
8	52	0	15.6556
51	52	0	3.72958
50	52	0	3.61102
46	52	0	5.36713
49	52	0	1.90213
48	52	0	0.679101
47	52	0	1.7796
45	52	0	22.5204
44	52	0	3.0009
43	52	0	0.337232
42	52	0	0.882633
21	52	0	4.74537
27	52	0	0.825695
12	52	0	0.124061
13	52	0	0.0831603
26	52	0	0.0875239
20	52	0	0.144929
28	52	0	0.055744
15	52	0	0.0504393
33	52	0	0.0456394
41	52	0	0.0338105
40	52	0	0.0135686
39	52	0	0.011109
33	52	1	1.5
1	52	1	1.2
34	52	1	2.7
15	52	1	0.6
7	52	1	0.6
27	52	1	2.4
35	52	1	0.6
29	52	1	1.2
12	52	1	2.7
36	52	1	4.2
13	52	1	3.6
30	52	1	3.6
18	52	1	0.6
37	52	1	0.6
28	52	1	0.6
10	52	1	0.6
38	52	1	0.6
52	9	0	6.27166
51	9	0	3.1257
50	9	0	2.1702
46	9	0	5.09404
49	9	0	1.62111
48	9	0	0.78774
47	9	0	0.788023
45	9	0	6.1803
44	9	0	1.45556
43	9	0	0.39118
42	9	0	1.69787
21	9	0	2.10474
27	9	0	0.91589
12	9	0	0.211113
13	9	0	0.0873685
26	9	0	0.0901633
20	9	0	0.790233
28	9	0	0.41304
15	9	0	0.0438964
33	9	0	0.544071
41	9	0	0.243598
40	9	0	0.618808
39	9	0	0.15962
33	9	1	2.4
1	9	1	0.6
34	9	1	1.5
15	9	1	1.2
7	9	1	1.2
27	9	1	3
35	9	1	1.2
29	9	1	2.4
12	9	1	4.8
36	9	1	8.4
13	9	1	7.2
30	9	1	8.1
18	9	1	1.2
37	9	1	1.2
28	9	1	1.5
10	9	1	1.2
38	9	1	1.2
9	52	0	2.14786
52	8	0	8.2827
9	8	0	3.41269
38	8	1	0.6
39	8	1	0.9
39	9	1	0.9
26	9	1	0.9
9	53	0	3.69632
8	53	0	3.11287
52	53	0	1.8818
51	53	0	0.654762
50	53	0	0.908002
46	53	0	1.26787
49	53	0	0.352427
48	53	0	0.269102
47	53	0	0.243494
45	53	0	0.312787
44	53	0	0.147686
43	53	0	0.133632
42	53	0	1.03101
21	53	0	1.08006
27	53	0	0.29959
12	53	0	0.0491605
13	53	0	0.0247235
26	53	0	0.0223708
20	53	0	0.0183156
28	53	0	0.757391
15	53	0	0.0149956
33	53	0	0.0135686
41	53	0	0.680372
33	53	1	0.9
34	53	1	0.3
15	53	1	0.6
7	53	1	0.6
27	53	1	2.1
35	53	1	0.6
29	53	1	1.2
12	53	1	2.4
36	53	1	4.2
13	53	1	3.6
30	53	1	4.2
18	53	1	0.6
37	53	1	0.6
28	53	1	0.9
10	53	1	0.6
38	53	1	0.6
39	53	1	0.6
26	53	1	0.6
40	53	1	0.6
53	54	0	2.46439
9	54	0	3.58235
8	54	0	5.33
52	54	0	3.04944
51	54	0	1.00194
50	54	0	0.906597
46	54	0	1.96994
49	54	0	0.549879
48	54	0	0.497551
47	54	0	0.450203
45	54	0	0.30178
44	54	0	0.273062
43	54	0	0.247077
42	54	0	0.202289
21	54	0	0.318637
27	54	0	0.57117
12	54	0	0.0908944
13	54	0	0.0609283
26	54	0	0.0551302
20	54	0	0.0451368
28	54	0	0.0408415
15	54	0	0.0369549
33	54	0	0.0334382
33	54	1	1.5
34	54	1	0.9
15	54	1	0.9
7	54	1	0.9
27	54	1	1.8
35	54	1	0.9
29	54	1	1.8
12	54	1	3.6
36	54	1	6.3
13	54	1	5.4
30	54	1	6.3
18	54	1	0.9
37	54	1	0.9
28	54	1	0.9
10	54	1	0.9
38	54	1	0.9
39	54	1	0.9
26	54	1	0.9
40	54	1	0.9
20	54	1	1.8
54	55	0	6.30772
53	55	0	1.71572
9	55	0	6.6969
8	55	0	11.7218
52	55	0	9.71608
51	55	0	2.41148
50	55	0	2.66045
46	55	0	3.12744
49	55	0	1.21845
48	55	0	0.346397
47	55	0	0.937258
45	55	0	26.3006
44	55	0	5.94466
43	55	0	0.172016
42	55	0	1.26076
21	55	0	3.55295
27	55	0	0.37592
12	55	0	0.0632811
13	55	0	0.0424186
26	55	0	0.0383819
20	55	0	0.0223292
28	55	0	0.011109
15	55	0	0.0100518
34	55	1	2.1
15	55	1	0.9
33	55	1	1.2
7	55	1	0.9
27	55	1	3.3
35	55	1	0.9
29	55	1	1.8
12	55	1	3.6
36	55	1	6.3
13	55	1	5.4
30	55	1	6.3
18	55	1	0.9
37	55	1	0.9
28	55	1	0.9
10	55	1	0.9
38	55	1	0.9
39	55	1	0.9
26	55	1	0.9
40	55	1	0.9
20	55	1	2.7
41	55	1	0.9
55	9	0	4.12387
54	9	0	3.58235
53	9	0	0.992726
40	9	1	0.6
20	9	1	2.1
41	9	1	0.6
55	56	0	5.01456
9	56	0	1.4847
54	56	0	1.65193
53	56	0	0.449329
8	56	0	1.24188
52	56	0	1.8983
51	56	0	0.182684
50	56	0	0.165299
46	56	0	0.359177
49	56	0	0.100259
48	56	0	0.090718
47	56	0	0.082085
45	56	0	4.85278
44	56	0	2.29416
43	56	0	0.0450492
42	56	0	0.0368832
21	56	0	0.202261
27	56	0	0.0893545
12	56	0	0.0165727
13	56	0	0.011109
26	56	0	0.0100518
34	56	1	0.3
15	56	1	0.6
33	56	1	0.6
7	56	1	0.3
27	56	1	1.2
35	56	1	0.3
29	56	1	0.6
12	56	1	1.2
36	56	1	2.1
13	56	1	1.8
30	56	1	2.1
18	56	1	0.3
37	56	1	0.3
28	56	1	0.3
10	56	1	0.3
38	56	1	0.3
39	56	1	0.3
26	56	1	0.3
40	56	1	0.3
20	56	1	0.9
41	56	1	0.3
56	57	0	1.89176
55	57	0	3.80624
9	57	0	1.34341
54	57	0	1.49473
53	57	0	0.40657
8	57	0	1.29818
52	57	0	1.05313
51	57	0	0.165299
50	57	0	0.149569
46	57	0	0.324997
49	57	0	0.090718
48	57	0	0.082085
47	57	0	0.0742736
45	57	0	2.41722
44	57	0	1.31449
43	57	0	0.0407622
42	57	0	0.124091
21	57	0	0.0525682
27	57	0	0.0808513
12	57	0	0.0149956
13	57	0	0.0100518
15	57	1	0.6
33	57	1	0.9
7	57	1	0.9
27	57	1	1.2
35	57	1	0.3
29	57	1	0.6
12	57	1	1.5
36	57	1	2.1
13	57	1	1.8
30	57	1	2.4
18	57	1	0.3
37	57	1	0.6
28	57	1	1.5
10	57	1	0.3
38	57	1	0.3
39	57	1	0.3
26	57	1	0.3
40	57	1	0.3
20	57	1	0.9
41	57	1	0.6
57	9	0	0.938648
56	9	0	0.849324
57	53	0	0.818731
56	53	0	0.740818
55	53	0	2.18839
54	53	0	1.22378
20	53	1	1.2
41	53	1	0.3
53	45	0	1.27937
9	45	0	5.25303
57	45	0	0.785867
56	45	0	2.08996
55	45	0	22.9798
54	45	0	1.17466
52	45	0	21.281
51	45	0	0.877008
50	45	0	4.22118
46	45	0	1.73967
49	45	0	0.435085
48	45	0	0.0608101
47	45	0	1.79599
10	45	1	0.3
38	45	1	0.6
39	45	1	0.6
26	45	1	1.2
40	45	1	0.6
20	45	1	2.4
41	45	1	0.6
53	8	0	2.05043
57	8	0	2.8527
56	8	0	2.71177
55	8	0	12.2482
54	8	0	1.05183
26	8	1	1.2
40	8	1	0.6
20	8	1	2.4
41	8	1	0.9
45	44	0	17.0097
53	44	0	2.08179
9	44	0	3.46668
57	44	0	1.14231
56	44	0	2.23698
55	44	0	8.35167
54	44	0	1.70745
52	44	0	3.55695
51	44	0	0.188266
50	44	0	0.243567
46	44	0	0.604774
49	44	0	0.076184
48	44	0	0.0497871
47	44	0	0.0450492
28	44	1	2.7
10	44	1	1.2
38	44	1	2.4
39	44	1	2.4
26	44	1	4.8
40	44	1	2.4
20	44	1	9.6
41	44	1	2.4
44	58	0	0.929561
8	58	0	1.30132
45	58	0	0.768142
53	58	0	0.89345
9	58	0	1.29876
57	58	0	0.548812
56	58	0	0.496585
55	58	0	1.18877
54	58	0	0.820323
52	58	0	0.276102
51	58	0	0.090718
50	58	0	0.082085
46	58	0	0.178362
49	58	0	0.0497871
48	58	0	0.0450492
47	58	0	0.0407622
43	58	0	0.0223708
42	58	0	0.0183156
21	58	0	0.02885
27	58	0	0.0149956
12	58	1	1.2
29	58	1	0.3
36	58	1	2.1
13	58	1	2.1
30	58	1	2.1
18	58	1	0.3
37	58	1	0.3
28	58	1	0.6
10	58	1	0.3
38	58	1	0.3
27	58	1	1.8
39	58	1	0.3
26	58	1	0.6
40	58	1	0.3
20	58	1	1.2
41	58	1	0.3
33	58	1	0.3
15	58	1	0.3
58	59	0	2.27957
44	59	0	2.37778
8	59	0	3.00182
45	59	0	1.73584
53	59	0	2.09171
9	59	0	2.97067
57	59	0	1.25105
56	59	0	1.132
55	59	0	2.7282
54	59	0	1.86998
52	59	0	0.629394
51	59	0	0.206798
50	59	0	0.20736
46	59	0	0.465565
49	59	0	0.113493
48	59	0	0.102693
47	59	0	0.083825
43	59	0	0.0385576
42	59	0	0.0767612
21	59	0	0.0996709
27	59	0	0.0258459
29	59	1	0.3
36	59	1	4.8
13	59	1	7.2
30	59	1	7.8
18	59	1	0.9
37	59	1	0.9
28	59	1	2.1
12	59	1	4.2
10	59	1	1.2
38	59	1	1.2
27	59	1	9.6
39	59	1	1.2
26	59	1	2.4
40	59	1	1.2
20	59	1	4.8
41	59	1	1.2
33	59	1	1.2
15	59	1	1.2
59	60	0	1.72357
58	60	0	0.740818
44	60	0	0.688636
8	60	0	0.964041
45	60	0	0.569054
53	60	0	0.661884
9	60	0	0.962147
57	60	0	0.40657
56	60	0	0.367879
55	60	0	0.880662
54	60	0	0.60771
52	60	0	0.204541
51	60	0	0.0672055
50	60	0	0.0608101
46	60	0	0.132134
49	60	0	0.0368832
48	60	0	0.0333733
47	60	0	0.0301974
43	60	0	0.0165727
42	60	0	0.0135686
21	60	0	0.0122773
27	60	0	0.011109
36	60	1	1.8
13	60	1	2.1
30	60	1	2.1
18	60	1	0.3
37	60	1	0.3
28	60	1	0.6
12	60	1	1.2
10	60	1	0.3
38	60	1	0.3
27	60	1	2.4
39	60	1	0.3
26	60	1	0.6
40	60	1	0.3
20	60	1	1.2
41	60	1	0.3
33	60	1	0.3
15	60	1	0.3
60	61	0	1.31141
59	61	0	3.59442
58	61	0	0.971514
44	61	0	2.17953
8	61	0	1.27516
45	61	0	0.738031
53	61	0	0.89162
9	61	0	2.5514
57	61	0	0.533178
56	61	0	0.48244
55	61	0	1.15491
54	61	0	0.796955
52	61	0	0.268237
51	61	0	0.0881338
50	61	0	0.0797467
46	61	0	0.202131
49	61	0	0.0483688
48	61	0	0.0437659
47	61	0	0.0396011
43	61	0	0.0149956
42	61	0	1.43754
21	61	0	0.011109
27	61	0	0.0100518
36	61	1	1.8
13	61	1	3.6
30	61	1	3.9
18	61	1	0.3
37	61	1	0.6
28	61	1	1.2
12	61	1	2.4
10	61	1	0.6
38	61	1	0.6
27	61	1	5.1
39	61	1	0.6
26	61	1	1.2
40	61	1	0.6
20	61	1	2.4
41	61	1	0.9
33	61	1	0.6
15	61	1	0.6
61	62	0	0.904837
60	62	0	0.818731
59	62	0	1.41114
58	62	0	0.606531
44	62	0	0.563807
8	62	0	0.78929
45	62	0	0.465902
53	62	0	0.541905
9	62	0	0.78774
57	62	0	0.332871
56	62	0	0.301194
55	62	0	0.721025
54	62	0	0.497551
52	62	0	0.167464
51	62	0	0.0550232
50	62	0	0.0497871
46	62	0	0.108182
49	62	0	0.0301974
48	62	0	0.0273237
47	62	0	0.0247235
43	62	0	0.0135686
42	62	0	0.011109
21	62	0	0.0100518
36	62	1	1.2
13	62	1	2.1
30	62	1	2.1
18	62	1	0.3
37	62	1	0.3
28	62	1	0.6
12	62	1	1.2
10	62	1	0.3
38	62	1	0.3
27	62	1	2.4
39	62	1	0.3
26	62	1	0.6
40	62	1	0.3
20	62	1	1.2
41	62	1	0.3
33	62	1	0.3
15	62	1	0.3
62	1	0	0.904837
61	1	0	0.818731
60	1	0	0.740818
59	1	0	1.27685
58	1	0	0.548812
44	1	0	1.41499
8	1	0	0.916076
45	1	0	0.448889
53	1	0	0.673019
9	1	0	0.76852
57	1	0	0.301194
56	1	0	0.272532
55	1	0	0.728216
54	1	0	0.450203
52	1	0	0.194003
51	1	0	0.0608961
50	1	0	0.112255
46	1	0	0.345741
49	1	0	0.0373756
48	1	0	0.0247235
47	1	0	0.0223708
43	1	0	0.0122773
42	1	0	0.178413
13	1	1	2.1
36	1	1	0.9
37	1	1	0.3
12	1	1	1.2
10	1	1	0.3
38	1	1	0.3
39	1	1	0.3
40	1	1	0.3
20	1	1	1.2
41	1	1	0.3
33	1	1	0.3
15	1	1	0.3
21	1	1	0.3
62	34	0	1.42526
61	34	0	1.28963
60	34	0	1.16691
59	34	0	2.01124
58	34	0	0.864465
44	34	0	0.794477
8	34	0	1.40968
45	34	0	0.846715
53	34	0	0.772356
9	34	0	1.49543
57	34	0	0.474428
56	34	0	0.42928
55	34	0	1.53448
54	34	0	0.70914
52	34	0	0.522662
51	34	0	0.216267
50	34	0	0.581099
46	34	0	0.411471
49	34	0	0.110245
48	34	0	0.0389434
47	34	0	0.0352375
43	34	0	0.011109
36	34	1	1.2
13	34	1	3.3
37	34	1	0.6
12	34	1	2.4
10	34	1	0.6
38	34	1	0.6
39	34	1	0.6
40	34	1	0.6
20	34	1	2.4
41	34	1	0.6
33	34	1	0.6
15	34	1	0.6
21	34	1	0.9
34	6	0	0.818731
62	6	0	0.67032
61	6	0	0.606531
60	6	0	0.548812
59	6	0	0.945914
58	6	0	0.40657
44	6	0	0.377931
8	6	0	0.520847
45	6	0	0.312303
53	6	0	0.36325
9	6	0	0.528038
57	6	0	0.22313
56	6	0	0.201897
55	6	0	0.483318
54	6	0	0.333518
52	6	0	0.112255
51	6	0	0.0368832
50	6	0	0.0333733
46	6	0	0.0725167
49	6	0	0.0202419
48	6	0	0.0183156
47	6	0	0.0165727
13	6	1	1.8
30	6	1	2.1
18	6	1	0.3
37	6	1	0.3
28	6	1	0.6
12	6	1	1.2
10	6	1	0.3
36	6	1	0.3
38	6	1	0.3
27	6	1	2.7
39	6	1	0.3
26	6	1	0.6
40	6	1	0.3
20	6	1	1.2
41	6	1	0.3
33	6	1	0.3
15	6	1	0.3
21	6	1	0.6
6	34	0	0.904837
42	34	1	0.3
34	59	0	2.67607
6	59	0	1.36754
1	59	0	1.31429
62	59	0	0.916691
61	59	0	1.57027
60	59	0	0.750523
21	59	1	1.2
42	59	1	0.9
8	59	1	4.5
34	61	0	1.43637
6	61	0	0.740818
1	61	0	0.678108
62	61	0	0.496585
21	61	1	1.5
42	61	1	1.8
8	61	1	7.5
43	61	1	0.3
61	63	0	2.49802
59	63	0	2.76734
34	63	0	2.45654
6	63	0	1.27685
1	63	0	0.945914
62	63	0	0.855899
60	63	0	0.700751
58	63	0	0.519129
44	63	0	0.469727
8	63	0	0.632043
45	63	0	0.38458
53	63	0	0.463816
9	63	0	0.674225
57	63	0	0.284904
56	63	0	0.257792
55	63	0	0.617125
54	63	0	0.425853
52	63	0	0.143333
51	63	0	0.0470943
50	63	0	0.0426127
46	63	0	0.0834977
49	63	0	0.0258459
48	63	0	0.0233863
47	63	0	0.0211608
28	63	1	0.9
12	63	1	2.4
30	63	1	3.6
13	63	1	3
10	63	1	0.6
36	63	1	0.6
38	63	1	0.6
27	63	1	5.4
39	63	1	0.6
26	63	1	1.2
40	63	1	0.6
20	63	1	2.4
41	63	1	0.6
33	63	1	0.6
15	63	1	0.6
21	63	1	1.2
42	63	1	0.6
8	63	1	0.6
43	63	1	0.6
44	63	1	0.6
45	63	1	0.3
63	59	0	1.72357
43	59	1	0.3
44	59	1	0.6
45	59	1	1.2
59	44	0	9.94738
63	44	0	7.54113
61	44	0	4.69772
34	44	0	4.80158
6	44	0	2.40122
1	44	0	1.88967
62	44	0	1.60958
60	44	0	1.31782
58	44	0	0.976262
21	44	1	5.7
42	44	1	2.7
8	44	1	20.1
43	44	1	2.1
45	44	1	19.8
46	44	1	6
47	44	1	3.6
48	44	1	1.2
49	44	1	1.2
59	45	0	0.826614
63	45	0	0.644117
61	45	0	0.394988
34	45	0	0.388429
6	45	0	0.201897
1	45	0	0.149569
62	45	0	0.135335
60	45	0	0.110803
58	45	0	0.082085
21	45	1	4.8
42	45	1	0.3
8	45	1	36
43	45	1	0.9
44	45	1	51.6
46	45	1	6.3
47	45	1	5.7
48	45	1	1.8
49	45	1	2.1
50	45	1	18.9
50	44	1	6.3
51	44	1	2.1
59	8	0	0.6639
63	8	0	0.469727
61	8	0	0.933026
34	8	0	1.02857
62	8	0	0.100259
60	8	0	0.082085
58	8	0	0.0608101
21	8	1	15.6
42	8	1	1.2
43	8	1	0.3
44	8	1	19.5
45	8	1	80.7
46	8	1	5.4
47	8	1	1.5
48	8	1	0.9
49	8	1	1.2
50	8	1	5.1
51	8	1	2.4
52	8	1	18.9
59	50	0	1.01379
63	50	0	0.811709
61	50	0	0.505651
34	50	0	0.497254
6	50	0	0.258461
1	50	0	0.191473
62	50	0	0.173252
60	50	0	0.141847
58	50	0	0.0976359
53	50	0	0.0777246
9	50	0	0.920026
57	50	0	0.709901
56	50	0	0.692132
55	50	0	3.07411
54	50	0	0.0451368
39	50	1	0.3
26	50	1	1.2
40	50	1	0.3
20	50	1	1.8
41	50	1	0.6
21	50	1	4.8
42	50	1	1.2
8	50	1	12
43	50	1	1.2
44	50	1	3.9
45	50	1	16.5
46	50	1	3.6
47	50	1	1.2
48	50	1	1.2
49	50	1	1.2
51	50	1	1.2
52	50	1	5.1
9	50	1	3.6
53	50	1	1.2
54	50	1	2.7
55	50	1	5.4
50	64	0	8.92718
8	64	0	2.7956
44	64	0	7.76245
45	64	0	14.3344
59	64	0	0.552199
63	64	0	0.458536
61	64	0	0.272461
34	64	0	0.267936
6	64	0	0.139267
1	64	0	0.103172
62	64	0	0.0933536
60	64	0	0.0673362
58	64	0	0.0498839
53	64	0	0.0334382
9	64	0	0.117805
57	64	0	1.97
27	64	1	6.6
33	64	1	0.6
15	64	1	0.9
28	64	1	0.9
20	64	1	0.9
26	64	1	0.9
13	64	1	0.9
12	64	1	1.2
21	64	1	6.3
42	64	1	1.5
8	64	1	21.9
43	64	1	1.5
44	64	1	5.1
45	64	1	29.7
46	64	1	4.5
47	64	1	2.1
48	64	1	1.5
49	64	1	1.5
50	64	1	3.9
51	64	1	1.5
52	64	1	7.5
9	64	1	6.9
53	64	1	2.7
54	64	1	5.4
55	64	1	8.4
64	47	0	3.94213
50	47	0	1.76202
59	47	0	0.0892468
63	47	0	0.0702564
61	47	0	0.0437659
34	47	0	0.0430392
6	47	0	0.0223708
1	47	0	0.0165727
62	47	0	0.0149956
60	47	0	0.0122773
21	47	1	1.8
42	47	1	0.3
8	47	1	4.5
43	47	1	0.3
44	47	1	0.6
45	47	1	7.5
46	47	1	0.9
48	47	1	0.3
49	47	1	0.3
50	47	1	0.3
51	47	1	0.3
52	47	1	1.5
9	47	1	1.5
53	47	1	0.6
54	47	1	0.9
55	47	1	1.5
56	47	1	0.3
57	47	1	0.3
64	52	0	4.41403
59	52	0	0.0716585
63	52	0	0.0635707
61	52	0	0.0396011
34	52	0	0.0389434
6	52	0	0.0202419
1	52	0	0.0149956
62	52	0	0.0135686
60	52	0	0.011109
21	52	1	3.3
42	52	1	0.3
8	52	1	9.6
43	52	1	0.3
44	52	1	12.9
45	52	1	17.1
46	52	1	1.5
47	52	1	1.2
48	52	1	0.6
49	52	1	0.6
50	52	1	4.5
51	52	1	0.6
9	52	1	3.6
53	52	1	1.8
54	52	1	2.7
55	52	1	6.9
56	52	1	1.5
57	52	1	0.9
52	50	0	1.89519
64	50	0	3.60986
56	50	1	1.2
57	50	1	0.6
52	64	0	3.37535
47	64	0	1.08277
56	64	1	0.9
57	64	1	0.9
58	64	1	0.9
64	55	0	4.56511
59	55	0	0.030593
63	55	0	0.0315683
61	55	0	0.0135686
34	55	0	0.011109
6	55	0	0.0100518
21	55	1	5.1
42	55	1	0.3
8	55	1	15
43	55	1	0.3
44	55	1	12
45	55	1	35.4
46	55	1	1.5
47	55	1	2.4
48	55	1	0.3
49	55	1	0.3
50	55	1	6.9
51	55	1	0.6
52	55	1	8.7
9	55	1	3.3
53	55	1	1.2
54	55	1	1.8
56	55	1	1.5
57	55	1	0.6
58	55	1	0.6
59	55	1	3.6
60	55	1	0.9
61	55	1	1.8
62	55	1	0.9
55	64	0	9.76189
59	64	1	1.8
60	64	1	0.6
61	64	1	0.9
62	64	1	0.6
1	64	1	0.6
34	64	1	0.9
6	64	1	0.6
64	45	0	18.3823
51	45	1	2.7
52	45	1	14.7
9	45	1	18.9
53	45	1	10.2
54	45	1	13.5
55	45	1	20.7
56	45	1	5.7
57	45	1	5.4
58	45	1	6.3
59	45	1	26.1
60	45	1	6.6
61	45	1	13.5
62	45	1	6.9
6	45	1	7.2
63	45	1	13.2
64	8	0	16.0642
9	8	1	10.5
53	8	1	3.6
54	8	1	5.1
55	8	1	21
56	8	1	3.3
57	8	1	2.1
58	8	1	2.1
59	8	1	8.7
60	8	1	2.1
61	8	1	4.5
62	8	1	2.4
6	8	1	2.4
63	8	1	4.8
55	52	0	5.4661
58	52	1	0.9
59	52	1	4.2
60	52	1	0.9
61	52	1	2.1
62	52	1	0.9
6	52	1	1.2
63	52	1	2.4
1	55	1	0.6
6	55	1	0.6
63	55	1	1.8
63	64	1	0.6
45	21	0	19.9507
64	21	0	1.89119
55	21	0	1.78879
52	21	0	3.39901
50	21	0	0.96443
47	21	0	0.0803639
53	21	1	1.5
54	21	1	0.9
55	21	1	6
9	21	1	2.1
56	21	1	1.8
57	21	1	1.5
45	21	1	9
8	21	1	3
44	21	1	12.6
58	21	1	1.2
59	21	1	4.8
60	21	1	1.2
61	21	1	2.4
62	21	1	1.2
6	21	1	1.2
63	21	1	2.4
50	21	1	3.3
8	65	0	6.66527
52	65	0	4.52313
21	65	0	2.43306
45	65	0	14.2468
64	65	0	0.842566
55	65	0	4.37041
50	65	0	0.616232
47	65	0	0.0791257
54	65	1	0.3
55	65	1	3
9	65	1	0.9
56	65	1	0.6
57	65	1	0.3
53	65	1	0.3
45	65	1	9.3
8	65	1	3.6
44	65	1	7.2
58	65	1	0.3
59	65	1	2.1
60	65	1	0.6
61	65	1	1.2
62	65	1	0.6
1	65	1	0.6
34	65	1	1.2
6	65	1	0.6
63	65	1	1.2
50	65	1	3.9
65	45	0	10.0027
65	21	0	2.48863
64	45	1	18.6
64	21	1	3.3
65	52	0	2.25415
64	52	1	5.7
65	8	0	1.57715
64	8	1	8.1
65	9	0	1.5386
64	9	0	0.311336
58	9	1	0.3
59	9	1	1.2
60	9	1	0.3
61	9	1	0.6
62	9	1	0.3
6	9	1	0.3
63	9	1	0.6
44	9	1	4.5
45	9	1	8.4
8	9	1	5.1
50	9	1	2.1
64	9	1	3
47	9	1	0.6
52	9	1	3
65	55	0	3.82135
64	55	1	11.4
9	65	0	1.06487
64	65	1	4.5
47	65	1	0.9
52	65	1	2.7
8	66	0	3.86823
45	66	0	4.26039
65	66	0	1.65435
55	66	0	1.43467
9	66	0	0.548812
52	66	0	1.14558
21	66	0	0.872144
64	66	0	0.188658
1	66	1	0.3
34	66	1	0.6
6	66	1	0.3
59	66	1	0.6
61	66	1	0.3
63	66	1	0.6
44	66	1	3.3
45	66	1	4.5
8	66	1	0.9
50	66	1	1.2
64	66	1	1.5
47	66	1	0.3
52	66	1	1.2
55	66	1	1.8
66	44	0	1.34925
65	44	0	3.82107
64	44	0	1.96015
6	44	1	0.3
59	44	1	0.6
61	44	1	0.3
63	44	1	0.6
64	44	1	9.3
52	44	1	4.2
55	44	1	4.5
66	52	0	1.88425
66	45	0	2.90777
66	55	0	1.54249
44	65	0	1.42287
66	65	0	0.448493
65	67	0	1.79831
44	67	0	1.04795
45	67	0	2.48173
52	67	0	1.73305
55	67	0	0.983536
66	67	0	0.182684
8	67	0	3.57146
9	67	0	0.100259
21	67	0	0.159326
64	67	0	0.180324
45	67	1	6.6
44	67	1	1.8
8	67	1	2.1
50	67	1	1.2
64	67	1	1.8
47	67	1	0.3
52	67	1	1.8
55	67	1	1.8
67	56	0	0.986922
65	56	0	1.77231
66	56	0	0.180294
64	56	0	0.49096
45	56	1	8.4
44	56	1	0.6
8	56	1	3.6
50	56	1	1.5
64	56	1	2.4
47	56	1	0.3
52	56	1	1.8
55	56	1	1.2
56	55	0	2.3062
67	55	0	2.51966
56	64	0	2.99965
67	64	0	1.10952
65	64	0	1.9663
66	64	0	0.186149
21	64	0	0.140361
64	24	0	2.27795
55	24	0	6.95292
56	24	0	2.34568
67	24	0	2.38865
65	24	0	3.68943
44	24	0	5.07998
45	24	0	8.30662
52	24	0	4.72449
66	24	0	1.76784
44	24	1	5.7
8	24	1	9.6
50	24	1	3.6
64	24	1	8.4
47	24	1	0.9
52	24	1	7.5
55	24	1	10.8
45	24	1	32.7
24	45	0	5.91595
67	45	0	1.74424
24	44	0	2.46146
67	44	0	1.10385
44	25	0	1.52247
45	25	0	2.65804
64	25	0	0.72213
55	25	0	1.43143
56	25	0	0.558863
67	25	0	0.829456
65	25	0	1.29958
52	25	0	1.44506
66	25	0	0.587303
8	25	0	1.25174
9	25	0	1.41733
50	25	1	1.5
64	25	1	3.3
47	25	1	0.6
52	25	1	2.4
55	25	1	3
45	25	1	7.8
25	44	0	2.03741
25	24	0	3.44451
21	24	1	2.4
25	45	0	1.29107
24	55	0	6.76391
25	55	0	1.82413
24	64	0	5.0479
25	64	0	0.742476
65	64	1	2.1
65	55	1	3
24	52	0	1.22638
25	52	0	0.301194
56	52	0	0.212241
67	52	0	0.598898
65	52	1	2.4
65	45	1	1.8
65	44	1	0.6
24	56	0	0.641585
25	56	0	0.165299
21	56	1	1.2
65	56	1	0.3
64	57	0	0.43313
24	57	0	1.39926
25	57	0	0.216774
67	57	0	0.0742736
65	57	0	0.122229
66	57	0	0.0135686
50	57	1	0.9
64	57	1	0.9
55	57	1	1.2
45	57	1	6.6
8	57	1	3.3
52	57	1	1.5
21	57	1	1.8
65	57	1	0.6
57	24	0	0.927167
65	24	1	4.2
9	24	1	1.5
57	55	0	0.848928
24	50	0	2.31997
25	50	0	0.697249
67	50	0	0.246946
65	50	0	0.320732
64	50	1	1.8
65	50	1	2.7
24	8	0	4.70153
25	8	0	0.660186
67	8	0	0.174214
65	8	1	10.5
66	8	1	3.9
55	47	0	1.28578
24	47	0	0.757434
57	47	0	0.449329
56	47	0	0.443453
52	47	0	0.239703
25	47	0	0.0672055
67	47	0	0.0333733
65	47	0	0.0549209
64	47	1	0.6
65	47	1	0.6
66	47	1	0.3
64	46	0	6.13542
50	46	0	2.70189
55	46	0	4.34936
24	46	0	3.0775
57	46	0	1.20824
56	46	0	1.17868
52	46	0	1.31623
25	46	0	0.360659
67	46	0	0.686913
65	46	0	0.871789
64	46	1	4.2
45	46	1	38.7
8	46	1	10.5
52	46	1	7.5
55	46	1	7.5
21	46	1	6.9
65	46	1	5.7
9	46	1	1.8
66	46	1	1.8
44	46	1	4.5
46	68	0	0.904837
47	68	0	0.818731
8	68	0	0.740818
64	68	0	1.87506
50	68	0	0.606531
55	68	0	1.04361
24	68	0	0.620135
57	68	0	0.367879
56	68	0	0.363068
44	68	0	0.434162
45	68	0	0.856408
52	68	0	0.196252
25	68	0	0.0550232
67	68	0	0.0273237
65	68	0	0.0449654
64	68	1	0.6
45	68	1	7.2
8	68	1	2.4
52	68	1	1.2
55	68	1	0.6
21	68	1	1.2
65	68	1	0.6
9	68	1	0.3
66	68	1	0.3
44	68	1	0.3
68	46	0	2.17917
68	8	0	4.49176
68	51	0	0.629932
64	51	0	1.16798
55	51	0	0.628649
24	51	0	0.377031
57	51	0	0.231739
56	51	0	0.209686
52	51	0	0.115078
25	51	0	0.0285641
8	51	1	4.5
45	51	1	16.5
64	51	1	0.9
21	51	1	3.6
52	51	1	3.6
65	51	1	3.6
9	51	1	0.9
55	51	1	3
66	51	1	0.9
44	51	1	2.4
67	51	1	0.6
51	46	0	4.06102
67	46	1	1.2
56	46	1	1.5
67	8	1	1.5
24	8	1	3
51	50	0	1.35217
68	50	0	0.153651
66	50	1	0.6
67	50	1	0.6
24	50	1	1.2
50	49	0	0.979111
51	49	0	0.945914
68	49	0	0.122456
64	49	0	0.225096
55	49	0	0.122207
24	49	0	0.0709479
57	49	0	0.0450492
56	49	0	0.0407622
52	49	0	0.0223708
45	49	1	4.8
8	49	1	1.2
21	49	1	1.2
52	49	1	1.2
65	49	1	1.2
9	49	1	0.3
55	49	1	1.2
66	49	1	0.3
44	49	1	0.9
67	49	1	0.3
56	49	1	0.3
64	49	1	0.3
24	49	1	0.3
25	49	1	0.3
56	51	1	0.3
24	51	1	0.3
25	51	1	0.3
68	52	0	0.141021
57	52	0	0.0518787
66	52	1	0.6
67	52	1	0.6
24	52	1	1.2
25	52	1	0.6
51	67	0	1.51948
49	67	0	0.740818
50	67	0	0.725343
46	67	0	1.1963
68	67	0	0.090718
47	67	0	0.0742736
24	67	0	0.0368832
57	67	0	0.0333733
56	67	0	0.0301974
21	67	1	1.2
65	67	1	1.2
9	67	1	0.3
66	67	1	0.3
56	67	1	0.3
24	67	1	0.3
25	67	1	0.3
68	55	0	0.102327
66	55	1	0.6
67	55	1	0.6
24	55	1	1.5
25	55	1	0.6
67	65	0	0.818731
51	65	0	1.24405
49	65	0	0.606531
46	65	0	0.979449
68	65	0	0.0742736
24	65	0	0.0301974
57	65	0	0.0273237
56	65	0	0.0247235
21	65	1	0.9
66	65	1	0.3
67	65	1	0.3
24	65	1	0.9
25	65	1	0.3
65	42	0	1.40301
55	42	0	1.94676
67	42	0	1.14869
52	42	0	1.95938
51	42	0	1.74541
49	42	0	0.850967
50	42	0	1.49606
8	42	0	3.78609
46	42	0	2.1376
68	42	0	0.104206
47	42	0	0.085317
64	42	0	0.157724
24	42	0	4.05979
57	42	0	0.0247235
56	42	0	0.0223708
44	42	0	0.921058
45	42	0	0.86648
8	42	1	5.4
65	42	1	3
45	42	1	11.4
21	42	1	1.2
52	42	1	3.3
9	42	1	1.2
55	42	1	6.3
66	42	1	1.2
44	42	1	3.9
67	42	1	1.2
56	42	1	1.2
64	42	1	3
24	42	1	3.9
25	42	1	1.2
42	66	0	0.904837
67	66	0	0.67032
51	66	0	1.01854
49	66	0	0.496585
50	66	0	0.486212
46	66	0	0.801905
68	66	0	0.0608101
47	66	0	0.0497871
24	66	0	0.0247235
57	66	0	0.0223708
56	66	0	0.0202419
44	66	0	0.0183156
65	66	1	1.2
21	66	1	0.9
9	66	1	0.3
67	66	1	0.3
56	66	1	0.3
24	66	1	0.9
25	66	1	0.3
66	9	0	1.51137
67	9	0	1.0131
68	9	0	0.0919064
24	9	0	0.0373663
21	9	1	1.5
55	9	1	4.2
65	9	1	2.1
66	9	1	0.9
67	9	1	0.9
56	9	1	0.6
24	9	1	2.7
25	9	1	0.9
9	46	0	1.15466
66	46	0	0.909449
24	46	1	2.1
25	46	1	0.6
68	45	0	0.0450492
66	45	1	0.3
67	45	1	0.3
24	45	1	0.9
25	45	1	0.3
46	24	0	3.0699
42	24	0	2.76054
51	24	0	1.5454
49	24	0	0.753454
50	24	0	2.45219
68	24	0	0.0922652
47	24	0	0.0755404
66	24	1	1.5
67	24	1	1.5
56	24	1	1.8
25	24	1	1.5
46	25	0	1.03207
42	25	0	0.461606
51	25	0	0.505791
49	25	0	0.246597
50	25	0	0.241446
68	25	0	0.0301974
47	25	0	0.0247235
57	25	0	0.011109
65	25	1	1.2
66	25	1	0.6
44	25	1	1.2
67	25	1	0.6
56	25	1	0.6
24	25	1	1.8
25	42	0	1.96612
9	42	0	2.58049
66	42	0	0.608466
42	21	0	2.75717
24	21	0	3.63963
25	21	0	1.1087
46	21	0	1.11396
66	21	0	0.550563
67	21	0	0.369053
51	21	0	0.56077
49	21	0	0.273401
68	21	0	0.0334798
65	21	1	1.5
66	21	1	0.6
52	21	1	1.8
67	21	1	0.6
24	21	1	2.1
25	21	1	0.6
66	50	0	0.301194
25	50	1	0.3
57	24	1	0.6
24	69	0	2.62672
50	69	0	0.841077
55	69	0	0.835619
21	69	0	0.606531
42	69	0	1.03561
25	69	0	0.660391
9	69	0	0.872268
52	69	0	0.468206
45	69	0	0.301194
46	69	0	0.451461
66	69	0	0.22313
65	69	0	0.182684
67	69	0	0.149569
51	69	0	0.227267
49	69	0	0.110803
8	69	0	1.76863
68	69	0	0.0135686
47	69	0	0.011109
45	69	1	3.9
8	69	1	3.6
66	69	1	0.9
44	69	1	1.5
52	69	1	2.1
55	69	1	3.3
65	69	1	1.2
67	69	1	0.9
56	69	1	0.6
64	69	1	0.9
24	69	1	3.6
25	69	1	0.9
57	69	1	0.3
69	42	0	0.904837
57	42	1	0.3
69	21	0	0.818731
21	41	0	1.43651
42	41	0	1.44938
69	41	0	0.785867
24	41	0	2.06426
50	41	0	0.656458
55	41	0	0.649239
25	41	0	0.353113
9	41	0	0.482897
52	41	0	0.361851
45	41	0	0.236699
46	41	0	0.448436
66	41	0	0.175351
65	41	0	0.135335
67	41	0	0.110803
51	41	0	0.168363
49	41	0	0.082085
8	41	0	0.457132
68	41	0	0.0100518
66	41	1	0.3
44	41	1	1.8
52	41	1	1.5
45	41	1	3.9
55	41	1	3.3
65	41	1	0.6
67	41	1	0.6
56	41	1	0.9
64	41	1	2.7
24	41	1	2.1
25	41	1	0.3
57	41	1	0.6
50	41	1	0.9
42	28	0	2.26727
69	28	0	1.22167
50	28	0	1.01184
55	28	0	1.02085
9	28	0	0.750685
52	28	0	0.571992
45	28	0	0.367959
46	28	0	1.83756
66	28	0	0.272591
65	28	0	0.223178
67	28	0	0.182723
51	28	0	0.239326
49	28	0	0.11804
8	28	0	1.66997
44	28	1	5.4
52	28	1	2.4
45	28	1	8.7
55	28	1	7.5
65	28	1	1.2
67	28	1	0.6
56	28	1	2.4
64	28	1	6.9
24	28	1	5.4
25	28	1	1.5
57	28	1	1.5
50	28	1	1.5
28	34	0	0.904837
41	34	0	0.818731
21	34	0	1.1087
42	34	0	1.12565
69	34	0	0.606531
24	34	0	1.59319
25	34	0	0.272532
66	34	0	0.135335
65	34	0	0.110803
67	34	0	0.090718
52	34	1	0.9
45	34	1	2.7
55	34	1	2.1
65	34	1	0.6
44	34	1	1.2
67	34	1	0.3
56	34	1	0.6
64	34	1	1.5
24	34	1	1.2
57	34	1	0.3
50	34	1	0.3
8	34	1	0.3
47	34	1	0.3
34	70	0	0.995555
28	70	0	2.96318
41	70	0	0.815092
21	70	0	1.10377
42	70	0	1.12064
69	70	0	0.603835
24	70	0	1.58611
50	70	0	0.502355
55	70	0	0.495481
25	70	0	0.27132
9	70	0	0.371042
52	70	0	0.275273
45	70	0	0.181872
46	70	0	0.374035
66	70	0	0.134734
65	70	0	0.110311
67	70	0	0.082085
51	70	0	0.124727
49	70	0	0.0608101
8	70	0	0.386834
45	70	1	3.9
55	70	1	3.3
52	70	1	0.9
65	70	1	0.6
44	70	1	1.5
67	70	1	0.3
56	70	1	0.9
64	70	1	2.7
24	70	1	2.1
25	70	1	0.3
57	70	1	0.6
50	70	1	0.9
8	70	1	3.9
47	70	1	0.6
46	70	1	1.8
70	53	0	0.904837
34	53	0	0.818731
69	53	0	0.496585
24	53	0	1.30439
25	53	0	0.22313
66	53	0	0.110803
65	53	0	0.090718
67	53	0	0.0742736
55	53	1	2.1
45	53	1	2.4
52	53	1	0.6
65	53	1	0.6
44	53	1	1.2
67	53	1	0.3
56	53	1	0.6
64	53	1	1.5
24	53	1	1.2
25	53	1	0.3
57	53	1	0.3
50	53	1	0.3
8	53	1	0.3
47	53	1	0.3
46	53	1	0.3
68	53	1	0.3
70	8	0	0.852104
69	8	0	0.449329
66	8	0	0.100259
25	8	1	0.6
68	8	1	0.3
53	46	0	0.818731
70	46	0	0.740818
34	46	0	0.67032
69	46	0	0.40657
57	46	1	0.3
50	46	1	0.3
47	46	1	0.3
68	46	1	0.3
46	30	0	1.05479
8	30	0	0.964439
53	30	0	0.740818
70	30	0	0.67032
41	30	0	0.496585
21	30	0	0.672459
42	30	0	0.68274
69	30	0	0.367879
24	30	0	0.966317
50	30	0	0.309415
55	30	0	0.307407
9	30	0	0.226053
52	30	0	0.172243
45	30	0	0.110803
66	30	0	0.082085
65	30	0	0.0672055
67	30	0	0.0550232
51	30	0	0.0836067
49	30	0	0.0407622
45	30	1	2.4
55	30	1	1.8
52	30	1	0.6
65	30	1	0.6
44	30	1	1.2
67	30	1	0.3
56	30	1	0.6
64	30	1	1.5
57	30	1	0.3
50	30	1	0.3
47	30	1	0.3
46	30	1	0.9
68	30	1	0.3
46	7	0	1.41921
53	7	0	1.0084
70	7	0	1.24531
41	7	0	1.08252
21	7	0	0.915347
42	7	0	0.925644
69	7	0	0.500755
24	7	0	1.2988
50	7	0	0.419338
55	7	0	0.415413
25	7	0	0.216774
52	7	0	0.225881
45	7	0	0.145308
66	7	0	0.107647
65	7	0	0.0881338
67	7	0	0.0721578
51	7	0	0.0939662
49	7	0	0.0534558
45	7	1	4.8
55	7	1	4.2
52	7	1	1.5
65	7	1	1.2
44	7	1	2.4
67	7	1	0.9
56	7	1	1.5
64	7	1	3.9
57	7	1	0.9
50	7	1	1.2
8	7	1	7.2
47	7	1	0.9
46	7	1	3.6
68	7	1	0.9
30	16	0	0.818731
46	16	0	0.86359
53	16	0	0.606531
70	16	0	0.548812
34	16	0	0.496585
28	16	0	0.449329
41	16	0	0.40657
21	16	0	0.550563
42	16	0	0.55898
69	16	0	0.301194
24	16	0	0.791154
50	16	0	0.253328
55	16	0	0.251684
25	16	0	0.135335
52	16	0	0.141021
45	16	0	0.090718
66	16	0	0.0672055
65	16	0	0.0550232
67	16	0	0.0450492
51	16	0	0.0684514
49	16	0	0.0333733
55	16	1	1.8
52	16	1	0.6
45	16	1	1.8
65	16	1	0.6
44	16	1	1.2
67	16	1	0.3
56	16	1	0.6
64	16	1	1.5
24	16	1	1.2
25	16	1	0.3
57	16	1	0.3
50	16	1	0.3
8	16	1	1.2
47	16	1	0.3
46	16	1	0.9
68	16	1	0.3
16	28	0	1.83054
53	28	0	1.11028
70	28	0	1.00462
47	28	1	1.2
46	28	1	4.8
68	28	1	1.2
28	37	0	1.27272
16	37	0	0.818731
46	37	0	0.707047
8	37	0	0.629158
53	37	0	0.496585
70	37	0	0.449329
41	37	0	0.332871
21	37	0	0.450763
42	37	0	0.457654
69	37	0	0.246597
24	37	0	0.647742
50	37	0	0.207407
55	37	0	0.206061
25	37	0	0.110803
9	37	0	0.151528
52	37	0	0.115458
45	37	0	0.0742736
66	37	0	0.0550232
65	37	0	0.0450492
67	37	0	0.0368832
51	37	0	0.0560433
49	37	0	0.0273237
45	37	1	1.8
65	37	1	0.6
44	37	1	1.2
67	37	1	0.3
56	37	1	0.6
55	37	1	1.5
64	37	1	1.5
24	37	1	1.2
25	37	1	0.3
52	37	1	0.3
57	37	1	0.3
50	37	1	0.3
8	37	1	1.5
47	37	1	0.3
46	37	1	0.9
68	37	1	0.3
37	71	0	0.904837
28	71	0	1.1516
16	71	0	0.740818
7	71	0	0.67032
30	71	0	0.606531
46	71	0	0.639763
8	71	0	0.56019
53	71	0	0.449329
70	71	0	0.40657
34	71	0	0.367879
41	71	0	0.301194
21	71	0	0.407867
42	71	0	0.414103
69	71	0	0.22313
24	71	0	0.586101
50	71	0	0.18767
55	71	0	0.186452
25	71	0	0.100259
9	71	0	0.137108
52	71	0	0.104471
45	71	0	0.0672055
66	71	0	0.0497871
65	71	0	0.0407622
67	71	0	0.0333733
51	71	0	0.0507101
49	71	0	0.0247235
45	71	1	1.8
65	71	1	0.6
44	71	1	1.2
67	71	1	0.3
56	71	1	0.6
55	71	1	1.5
64	71	1	1.5
24	71	1	1.2
25	71	1	0.3
52	71	1	0.3
57	71	1	0.3
50	71	1	0.3
8	71	1	1.5
47	71	1	0.3
46	71	1	0.9
68	71	1	0.3
71	17	0	0.904837
37	17	0	0.818731
28	17	0	1.06786
30	17	0	0.548812
46	17	0	0.578881
53	17	0	0.40657
70	17	0	0.386195
34	17	0	0.332871
41	17	0	0.294903
42	17	0	0.497152
69	17	0	1.92546
50	17	0	0.169811
55	17	0	0.168709
52	17	0	0.0945292
45	17	0	0.0608101
66	17	0	0.0450492
65	17	0	0.0368832
67	17	0	0.0301974
51	17	0	0.0458844
49	17	0	0.0223708
45	17	1	2.1
65	17	1	0.9
44	17	1	1.2
67	17	1	0.6
56	17	1	0.6
55	17	1	2.1
64	17	1	1.5
24	17	1	2.4
25	17	1	0.6
52	17	1	0.9
57	17	1	0.3
50	17	1	0.9
47	17	1	0.3
46	17	1	2.1
68	17	1	0.3
17	72	0	0.904837
71	72	0	0.818731
37	72	0	0.740818
28	72	0	0.942852
16	72	0	0.606531
7	72	0	0.548812
30	72	0	0.496585
46	72	0	0.523794
8	72	0	0.450415
53	72	0	0.367879
70	72	0	0.332871
34	72	0	0.301194
41	72	0	0.246597
21	72	0	0.333933
42	72	0	0.339039
69	72	0	0.182684
24	72	0	0.479859
50	72	0	0.153651
55	72	0	0.152654
25	72	0	0.082085
9	72	0	0.112255
52	72	0	0.0855336
45	72	0	0.0550232
66	72	0	0.0407622
65	72	0	0.0333733
67	72	0	0.0273237
51	72	0	0.0324226
49	72	0	0.0202419
65	72	1	0.6
44	72	1	1.2
67	72	1	0.3
56	72	1	0.6
55	72	1	1.5
64	72	1	1.5
24	72	1	1.2
45	72	1	1.5
25	72	1	0.3
52	72	1	0.3
57	72	1	0.3
50	72	1	0.3
8	72	1	2.1
47	72	1	0.3
46	72	1	0.9
68	72	1	0.3
72	33	0	1.01564
17	33	0	0.91899
71	33	0	0.831536
16	33	0	0.616017
46	33	0	0.523735
8	33	0	0.452602
53	33	0	0.373633
70	33	0	0.705957
21	33	0	0.339156
42	33	0	0.340255
69	33	0	0.185541
24	33	0	0.479135
50	33	0	0.154025
55	33	0	0.151695
25	33	0	0.0742736
9	33	0	0.101572
52	33	0	0.077394
45	33	0	0.0497871
66	33	0	0.0368832
65	33	0	0.0301974
67	33	0	0.0247235
51	33	0	0.0202419
49	33	0	0.0183156
44	33	1	1.5
65	33	1	0.6
67	33	1	0.6
56	33	1	0.9
55	33	1	2.4
64	33	1	2.4
45	33	1	2.7
52	33	1	1.2
57	33	1	0.6
50	33	1	0.9
8	33	1	6
47	33	1	0.6
46	33	1	2.7
68	33	1	0.6
72	7	0	0.91899
71	7	0	0.752405
37	7	0	0.680804
16	7	0	0.557395
72	12	0	0.740818
71	12	0	0.606531
16	12	0	0.449329
46	12	0	0.379806
53	12	0	0.272532
70	12	0	0.246597
21	12	0	0.247384
42	12	0	0.251166
69	12	0	0.135335
24	12	0	0.355488
50	12	0	0.113827
55	12	0	0.113089
25	12	0	0.0608101
52	12	0	0.0633648
45	12	0	0.0407622
66	12	0	0.0301974
65	12	0	0.0247235
67	12	0	0.0202419
51	12	0	0.0165727
49	12	0	0.0149956
67	12	1	0.3
56	12	1	0.6
55	12	1	1.5
64	12	1	1.5
45	12	1	1.5
44	12	1	0.9
52	12	1	0.3
57	12	1	0.3
50	12	1	0.3
8	12	1	2.7
47	12	1	0.3
46	12	1	0.9
68	12	1	0.3
51	12	1	0.3
72	28	0	1.52622
71	28	0	1.24956
51	28	1	1.8
28	73	0	1.47671
12	73	0	0.818731
7	73	0	1.07369
33	73	0	0.67032
72	73	0	0.606531
17	73	0	0.548812
71	73	0	0.496585
37	73	0	0.449329
16	73	0	0.367879
30	73	0	0.301194
46	73	0	0.302729
8	73	0	0.256649
53	73	0	0.22313
70	73	0	0.201897
34	73	0	0.182684
41	73	0	0.149569
21	73	0	0.202541
42	73	0	0.205637
69	73	0	0.110803
24	73	0	0.291049
50	73	0	0.093194
55	73	0	0.0925892
25	73	0	0.0497871
9	73	0	0.0680859
52	73	0	0.0518787
45	73	0	0.0333733
66	73	0	0.0247235
65	73	0	0.0202419
67	73	0	0.0165727
51	73	0	0.0135686
49	73	0	0.0122773
55	73	1	1.5
64	73	1	1.5
24	73	1	1.2
45	73	1	1.5
44	73	1	0.9
25	73	1	0.3
52	73	1	0.3
56	73	1	0.3
57	73	1	0.3
50	73	1	0.3
8	73	1	2.7
47	73	1	0.3
46	73	1	1.2
68	73	1	0.3
51	73	1	0.6
73	44	0	0.995555
7	44	0	1.61773
72	44	0	0.603835
17	44	0	0.546372
71	44	0	0.494378
37	44	0	0.447332
16	44	0	0.366244
70	44	0	0.383683
69	44	0	0.110311
24	44	1	2.1
25	44	1	0.6
56	44	1	0.3
57	44	1	0.6
68	44	1	0.6
73	1	0	0.818731
28	1	0	1.20902
72	1	0	0.496585
17	1	0	0.449329
71	1	0	0.40657
37	1	0	0.367879
16	1	0	0.301194
70	1	0	0.165299
34	1	0	0.149569
41	1	0	0.122456
21	1	0	0.165826
69	1	0	0.090718
24	1	0	0.238291
25	1	0	0.0407622
66	1	0	0.0202419
65	1	0	0.0165727
67	1	0	0.0135686
45	1	1	1.5
44	1	1	0.9
55	1	1	1.2
64	1	1	1.2
52	1	1	0.3
56	1	1	0.3
57	1	1	0.3
50	1	1	0.3
8	1	1	3
47	1	1	0.3
46	1	1	1.5
68	1	1	0.3
51	1	1	0.6
44	28	0	1.55955
73	28	0	1.41114
28	11	0	2.61924
44	11	0	0.67032
73	11	0	0.606531
12	11	0	0.496585
33	11	0	0.40657
72	11	0	0.367879
17	11	0	0.332871
71	11	0	0.301194
37	11	0	0.272532
16	11	0	0.22313
30	11	0	0.182684
46	11	0	0.183615
53	11	0	0.135335
70	11	0	0.122456
34	11	0	0.110803
41	11	0	0.090718
21	11	0	0.122847
42	11	0	0.124725
69	11	0	0.0672055
24	11	0	0.17653
50	11	0	0.0497871
55	11	0	0.0561582
25	11	0	0.0301974
52	11	0	0.0223708
45	11	0	0.0202419
66	11	0	0.0149956
65	11	0	0.0122773
67	11	0	0.0100518
25	11	1	0.3
44	11	1	0.6
24	11	1	0.9
45	11	1	1.2
55	11	1	1.2
64	11	1	1.2
52	11	1	0.3
56	11	1	0.3
57	11	1	0.3
50	11	1	0.6
8	11	1	3.6
47	11	1	0.3
46	11	1	1.5
68	11	1	0.3
51	11	1	0.6
11	39	0	0.904837
1	39	0	0.67032
44	39	0	0.606531
73	39	0	0.548812
72	39	0	0.332871
17	39	0	0.301194
71	39	0	0.272532
16	39	0	0.201897
46	39	0	0.166141
8	39	0	0.135335
53	39	0	0.122456
70	39	0	0.110803
41	39	0	0.082085
21	39	0	0.111157
42	39	0	0.112856
69	39	0	0.0608101
24	39	0	0.159731
50	39	0	0.0450492
55	39	0	0.050814
25	39	0	0.0273237
9	39	0	0.0373663
52	39	0	0.0202419
45	39	0	0.0183156
66	39	0	0.0135686
65	39	0	0.011109
44	39	1	0.6
24	39	1	0.9
45	39	1	1.2
55	39	1	1.2
64	39	1	1.2
52	39	1	0.3
56	39	1	0.3
57	39	1	0.3
50	39	1	0.6
8	39	1	3.6
47	39	1	0.3
46	39	1	1.5
68	39	1	0.3
51	39	1	0.6
49	39	1	0.3
39	70	0	0.904837
11	70	0	0.818731
1	70	0	0.606531
44	70	0	0.548812
73	70	0	0.496585
12	70	0	0.40657
7	70	0	0.533178
33	70	0	0.332871
72	70	0	0.301194
17	70	0	0.272532
71	70	0	0.246597
37	70	0	0.22313
16	70	0	0.182684
30	70	0	0.149569
53	70	0	0.110803
68	70	1	0.3
51	70	1	0.9
49	70	1	0.3
70	74	0	1.72042
39	74	0	1.41959
11	74	0	1.2845
28	74	0	3.34807
1	74	0	0.951579
44	74	0	1.17589
73	74	0	0.779087
12	74	0	0.637863
7	74	0	0.999793
33	74	0	0.669501
72	74	0	0.455215
17	74	0	0.411896
71	74	0	0.372699
37	74	0	0.337232
16	74	0	0.276102
30	74	0	0.226053
46	74	0	0.21811
8	74	0	1.90864
53	74	0	0.167464
34	74	0	0.137108
41	74	0	0.923329
21	74	0	0.152012
42	74	0	0.532178
69	74	0	0.0831603
24	74	0	0.218439
50	74	0	0.0616067
55	74	0	0.055744
25	74	0	0.32227
9	74	0	0.390853
52	74	0	0.0276817
45	74	0	0.0250474
66	74	0	0.011109
24	74	1	3.6
45	74	1	2.7
55	74	1	3.9
64	74	1	2.4
52	74	1	2.4
44	74	1	0.6
56	74	1	0.6
57	74	1	0.6
50	74	1	2.4
8	74	1	12
47	74	1	0.6
46	74	1	5.4
68	74	1	0.6
51	74	1	3.6
49	74	1	1.2
74	41	0	0.904837
70	41	0	0.900816
11	41	0	0.67032
1	41	0	0.496585
44	41	0	0.449329
73	41	0	0.40657
72	41	0	0.246597
17	41	0	0.22313
71	41	0	0.201897
16	41	0	0.149569
53	41	0	0.090718
8	41	1	3.6
47	41	1	0.3
46	41	1	1.5
68	41	1	0.3
51	41	1	0.9
49	41	1	0.3
41	75	0	0.959861
74	75	0	0.818731
70	75	0	0.815092
39	75	0	0.67032
11	75	0	0.606531
28	75	0	1.58865
1	75	0	0.449329
44	75	0	0.40657
73	75	0	0.367879
12	75	0	0.301194
7	75	0	0.394988
33	75	0	0.246597
72	75	0	0.22313
17	75	0	0.201897
71	75	0	0.182684
37	75	0	0.165299
16	75	0	0.135335
30	75	0	0.110803
46	75	0	0.111368
8	75	0	0.090718
53	75	0	0.082085
34	75	0	0.0672055
21	75	0	0.0745106
42	75	0	0.06742
69	75	0	0.0407622
24	75	0	0.107071
50	75	0	0.0301974
55	75	0	0.0273237
25	75	0	0.0183156
9	75	0	0.0250474
52	75	0	0.0135686
45	75	0	0.0122773
24	75	1	0.6
45	75	1	1.2
55	75	1	1.5
64	75	1	1.2
52	75	1	0.6
44	75	1	0.3
56	75	1	0.3
57	75	1	0.3
50	75	1	0.6
8	75	1	3.6
47	75	1	0.3
46	75	1	1.5
68	75	1	0.3
51	75	1	0.9
49	75	1	0.3
67	75	1	0.3
75	76	0	0.904837
41	76	0	0.868518
74	76	0	0.740818
70	76	0	0.737526
39	76	0	0.606531
11	76	0	0.548812
28	76	0	1.43747
1	76	0	0.40657
44	76	0	0.367879
73	76	0	0.332871
12	76	0	0.272532
7	76	0	0.3574
33	76	0	0.22313
72	76	0	0.201897
17	76	0	0.182684
71	76	0	0.165299
37	76	0	0.149569
16	76	0	0.122456
30	76	0	0.100259
46	76	0	0.10077
8	76	0	0.082085
53	76	0	0.0742736
34	76	0	0.0608101
21	76	0	0.06742
42	76	0	0.0610041
69	76	0	0.0368832
24	76	0	0.0968819
50	76	0	0.0273237
55	76	0	0.0247235
25	76	0	0.0165727
9	76	0	0.0135686
52	76	0	0.0122773
45	76	0	0.011109
45	76	1	1.2
55	76	1	1.5
64	76	1	1.2
52	76	1	0.6
44	76	1	0.3
56	76	1	0.3
57	76	1	0.3
24	76	1	0.3
50	76	1	0.6
8	76	1	3.6
47	76	1	0.3
46	76	1	1.5
68	76	1	0.3
51	76	1	0.9
49	76	1	0.3
67	76	1	0.3
65	76	1	0.3
76	74	0	0.990649
75	74	0	0.896376
67	74	1	0.9
65	74	1	0.9
42	74	1	2.1
74	77	0	1.51137
76	77	0	0.818731
75	77	0	0.740818
41	77	0	0.711082
70	77	0	0.603835
39	77	0	0.496585
11	77	0	0.449329
28	77	0	1.1769
1	77	0	0.332871
44	77	0	0.301194
73	77	0	0.272532
12	77	0	0.22313
7	77	0	0.292614
33	77	0	0.182684
72	77	0	0.165299
17	77	0	0.149569
71	77	0	0.135335
37	77	0	0.122456
16	77	0	0.100259
30	77	0	0.082085
46	77	0	0.0742736
8	77	0	0.0672055
53	77	0	0.0608101
34	77	0	0.0497871
21	77	0	0.0551988
42	77	0	0.0499459
69	77	0	0.0301974
24	77	0	0.0793202
50	77	0	0.0223708
55	77	0	0.0202419
25	77	0	0.0135686
9	77	0	0.011109
52	77	0	0.0100518
64	77	1	1.2
55	77	1	1.2
52	77	1	0.6
45	77	1	0.9
44	77	1	0.3
56	77	1	0.3
57	77	1	0.3
24	77	1	0.3
50	77	1	0.6
8	77	1	3.6
47	77	1	0.3
46	77	1	1.5
68	77	1	0.3
51	77	1	0.9
49	77	1	0.3
67	77	1	0.3
65	77	1	0.3
42	77	1	0.3
66	77	1	0.3
77	59	0	0.904837
74	59	0	1.36754
76	59	0	0.740818
75	59	0	0.67032
41	59	0	0.643414
70	59	0	0.546372
39	59	0	0.449329
11	59	0	0.40657
28	59	0	1.0649
73	59	0	0.246597
12	59	0	0.201897
7	59	0	0.264769
33	59	0	0.165299
72	59	0	0.149569
17	59	0	0.135335
71	59	0	0.122456
37	59	0	0.110803
16	59	0	0.090718
30	59	0	0.0742736
69	59	0	0.0273237
24	59	0	0.0717719
25	59	0	0.0122773
55	59	1	1.2
52	59	1	0.6
56	59	1	0.3
57	59	1	0.3
24	59	1	0.3
64	59	1	0.9
50	59	1	0.6
47	59	1	0.3
46	59	1	1.5
68	59	1	0.3
51	59	1	0.9
49	59	1	0.3
67	59	1	0.3
65	59	1	0.3
66	59	1	0.3
9	59	1	0.3
59	18	0	0.904837
77	18	0	0.818731
74	18	0	1.2374
76	18	0	0.67032
75	18	0	0.606531
41	18	0	0.582185
70	18	0	0.494378
39	18	0	0.40657
44	18	0	0.246597
73	18	0	0.22313
72	18	0	0.135335
71	18	0	0.110803
37	18	0	0.100259
46	18	0	0.0608101
53	18	0	0.0497871
21	18	0	0.045193
42	18	0	0.0408923
69	18	0	0.0247235
24	18	0	0.0649419
50	18	0	0.0183156
55	18	0	0.0165727
55	18	1	1.2
52	18	1	0.6
45	18	1	0.9
44	18	1	0.3
56	18	1	0.3
57	18	1	0.3
64	18	1	0.9
50	18	1	0.6
47	18	1	0.3
46	18	1	1.8
68	18	1	0.3
51	18	1	0.9
49	18	1	0.3
67	18	1	0.3
65	18	1	0.3
42	18	1	0.3
66	18	1	0.3
18	5	0	0.904837
59	5	0	0.818731
77	5	0	0.740818
74	5	0	1.11965
76	5	0	0.606531
75	5	0	0.548812
41	5	0	0.526783
70	5	0	0.447332
39	5	0	0.367879
11	5	0	0.332871
28	5	0	0.871868
44	5	0	0.22313
73	5	0	0.201897
12	5	0	0.165299
7	5	0	0.216774
33	5	0	0.135335
72	5	0	0.122456
17	5	0	0.110803
71	5	0	0.100259
37	5	0	0.090718
16	5	0	0.0742736
30	5	0	0.0608101
46	5	0	0.0550232
8	5	0	0.0497871
53	5	0	0.0450492
34	5	0	0.0368832
42	5	0	0.0370009
69	5	0	0.0223708
50	5	0	0.0165727
55	5	0	0.0149956
55	5	1	1.2
52	5	1	0.6
45	5	1	1.2
44	5	1	0.3
56	5	1	0.3
57	5	1	0.3
24	5	1	0.3
64	5	1	0.9
50	5	1	0.6
47	5	1	0.3
46	5	1	1.8
68	5	1	0.3
51	5	1	0.9
49	5	1	0.3
67	5	1	0.3
65	5	1	0.3
42	5	1	0.3
66	5	1	0.3
5	33	0	0.904837
59	33	0	0.740818
77	33	0	0.67032
74	33	0	1.0131
76	33	0	0.548812
75	33	0	0.496585
11	33	0	0.301194
44	33	0	0.201897
73	33	0	0.182684
51	33	1	0.9
49	33	1	0.3
42	33	1	0.3
66	33	1	0.3
9	33	1	0.3
59	7	0	0.67032
77	7	0	0.606531
74	7	0	0.916691
76	7	0	0.496585
75	7	0	0.449329
39	7	0	0.301194
44	7	0	0.182684
73	7	0	0.165299
51	7	1	0.9
49	7	1	0.3
42	7	1	0.3
66	7	1	0.3
9	7	1	0.6
7	78	0	1.06543
33	78	0	0.91899
5	78	0	0.740818
18	78	0	0.67032
59	78	0	0.606531
77	78	0	0.548812
74	78	0	0.829456
76	78	0	0.449329
75	78	0	0.40657
41	78	0	0.39025
70	78	0	0.331392
39	78	0	0.272532
11	78	0	0.246597
28	78	0	0.645896
1	78	0	0.182684
44	78	0	0.165299
73	78	0	0.149569
12	78	0	0.122456
72	78	0	0.090718
17	78	0	0.082085
71	78	0	0.0742736
37	78	0	0.0672055
16	78	0	0.0550232
30	78	0	0.0450492
46	78	0	0.0407622
8	78	0	0.0368832
53	78	0	0.0333733
34	78	0	0.0273237
21	78	0	0.0302937
42	78	0	0.0183156
69	78	0	0.0165727
24	78	0	0.0285641
50	78	0	0.0122773
55	78	0	0.011109
45	78	1	0.9
55	78	1	0.9
44	78	1	0.3
56	78	1	0.3
57	78	1	0.3
24	78	1	0.6
64	78	1	0.9
50	78	1	0.6
8	78	1	3.6
47	78	1	0.3
46	78	1	1.8
68	78	1	0.3
51	78	1	0.9
49	78	1	0.3
52	78	1	0.6
67	78	1	0.3
65	78	1	0.3
42	78	1	0.3
66	78	1	0.3
9	78	1	0.6
78	40	0	0.904837
5	40	0	0.67032
59	40	0	0.548812
77	40	0	0.496585
74	40	0	0.750523
76	40	0	0.40657
75	40	0	0.367879
41	40	0	0.353113
70	40	0	0.299856
11	40	0	0.22313
1	40	0	0.165299
44	40	0	0.149569
73	40	0	0.135335
72	40	0	0.082085
17	40	0	0.0742736
71	40	0	0.0672055
16	40	0	0.0497871
46	40	0	0.0368832
8	40	0	0.0333733
53	40	0	0.0301974
21	40	0	0.0183156
42	40	0	0.0165727
69	40	0	0.0149956
24	40	0	0.0258459
50	40	0	0.011109
55	40	0	0.0100518
45	40	1	0.6
55	40	1	0.9
44	40	1	0.3
56	40	1	0.3
57	40	1	0.3
24	40	1	0.6
64	40	1	0.9
50	40	1	0.6
8	40	1	3.6
47	40	1	0.3
46	40	1	1.8
68	40	1	0.3
51	40	1	0.9
49	40	1	0.3
52	40	1	0.6
67	40	1	0.3
65	40	1	0.3
42	40	1	0.3
66	40	1	0.3
9	40	1	0.6
25	40	1	0.3
78	20	0	0.818731
59	20	0	0.496585
77	20	0	0.449329
74	20	0	0.679101
76	20	0	0.367879
75	20	0	0.332871
70	20	0	0.27132
44	20	0	0.135335
73	20	0	0.122456
72	20	0	0.0742736
71	20	0	0.0608101
46	20	0	0.0333733
53	20	0	0.0273237
21	20	0	0.0165727
42	20	0	0.0149956
69	20	0	0.0135686
24	20	0	0.0233863
50	20	0	0.0100518
55	20	1	0.9
44	20	1	0.3
56	20	1	0.3
57	20	1	0.3
24	20	1	0.9
64	20	1	0.9
50	20	1	0.6
8	20	1	3.6
47	20	1	0.3
46	20	1	1.8
68	20	1	0.3
51	20	1	0.9
49	20	1	0.3
52	20	1	0.6
67	20	1	0.3
65	20	1	0.3
42	20	1	0.3
66	20	1	0.3
9	20	1	0.6
45	20	1	0.3
25	20	1	0.3
20	79	0	0.904837
40	79	0	0.818731
78	79	0	0.740818
7	79	0	0.789288
33	79	0	0.680804
5	79	0	0.548812
18	79	0	0.496585
59	79	0	0.449329
77	79	0	0.40657
74	79	0	0.614476
76	79	0	0.332871
75	79	0	0.301194
41	79	0	0.289104
70	79	0	0.245501
39	79	0	0.201897
11	79	0	0.182684
28	79	0	0.478491
1	79	0	0.135335
44	79	0	0.122456
73	79	0	0.110803
12	79	0	0.090718
72	79	0	0.0672055
17	79	0	0.0608101
71	79	0	0.0550232
37	79	0	0.0497871
16	79	0	0.0407622
30	79	0	0.0333733
46	79	0	0.0301974
8	79	0	0.0273237
53	79	0	0.0247235
34	79	0	0.0202419
21	79	0	0.0149956
42	79	0	0.0135686
69	79	0	0.0122773
24	79	0	0.0211608
44	79	1	0.3
56	79	1	0.3
57	79	1	0.3
24	79	1	0.9
55	79	1	0.6
64	79	1	0.9
50	79	1	0.6
8	79	1	3.6
47	79	1	0.3
46	79	1	1.8
68	79	1	0.3
51	79	1	0.9
49	79	1	0.3
52	79	1	0.6
67	79	1	0.3
65	79	1	0.3
42	79	1	0.6
66	79	1	0.3
9	79	1	0.6
45	79	1	0.3
25	79	1	0.3
79	25	0	0.904837
20	25	0	0.818731
40	25	0	0.740818
78	25	0	0.67032
7	25	0	0.714177
33	25	0	0.616017
5	25	0	0.496585
18	25	0	0.449329
59	25	0	0.40657
77	25	0	0.367879
74	25	0	0.556001
76	25	0	0.301194
75	25	0	0.272532
41	25	0	0.261593
70	25	0	0.222138
39	25	0	0.182684
11	25	0	0.165299
28	25	0	0.432957
1	25	0	0.122456
73	25	0	0.100259
12	25	0	0.082085
72	25	0	0.0608101
71	25	0	0.0497871
37	25	0	0.0450492
16	25	0	0.0368832
30	25	0	0.0301974
53	25	0	0.0223708
34	25	0	0.0183156
69	25	0	0.011109
57	25	1	0.3
46	25	1	1.8
68	25	1	0.3
51	25	1	0.9
49	25	1	0.3
42	25	1	0.6
21	25	1	0.3
79	44	0	0.818731
78	44	0	0.606531
5	44	0	0.449329
18	44	0	0.40657
77	44	0	0.332871
74	44	0	0.503091
76	44	0	0.272532
75	44	0	0.246597
11	44	0	0.149569
67	44	1	0.3
66	44	1	0.3
9	44	1	0.6
25	9	0	0.818731
79	9	0	0.740818
78	9	0	0.548812
18	9	0	0.367879
59	9	0	0.332871
77	9	0	0.301194
74	9	0	0.455215
76	9	0	0.246597
75	9	0	0.22313
70	9	0	0.181872
11	9	0	0.135335
73	9	0	0.082085
72	9	0	0.0497871
17	9	0	0.0450492
71	9	0	0.0407622
37	9	0	0.0368832
16	9	0	0.0301974
30	9	0	0.0247235
34	9	0	0.0149956
46	9	1	1.8
68	9	1	0.3
51	9	1	0.9
49	9	1	0.3
42	9	1	0.6
79	42	0	0.67032
78	42	0	0.496585
7	42	0	0.529076
5	42	0	0.367879
18	42	0	0.332871
59	42	0	0.301194
77	42	0	0.272532
74	42	0	0.411896
76	42	0	0.22313
75	42	0	0.201897
70	42	0	0.164564
11	42	0	0.122456
1	42	0	0.090718
73	42	0	0.0742736
72	42	0	0.0450492
17	42	0	0.0407622
71	42	0	0.0368832
37	42	0	0.0333733
16	42	0	0.0273237
53	42	0	0.0165727
34	42	0	0.0135686
50	42	1	0.9
47	42	1	0.3
46	42	1	1.8
68	42	1	0.3
51	42	1	0.9
49	42	1	0.3
42	22	0	1.64566
44	22	0	1.48243
25	22	0	1.21913
79	22	0	1.10312
40	22	0	0.903155
78	22	0	0.817208
33	22	0	0.751006
59	22	0	0.495662
77	22	0	0.448493
74	22	0	0.677839
76	22	0	0.367195
75	22	0	0.332252
41	22	0	0.310686
70	22	0	0.270816
39	22	0	0.222715
28	22	0	0.518736
73	22	0	0.122229
72	22	0	0.0741355
71	22	0	0.060697
37	22	0	0.0549209
30	22	0	0.0368146
46	22	0	0.0333112
53	22	0	0.0272729
34	22	0	0.0223292
64	22	1	1.2
50	22	1	1.8
47	22	1	0.6
46	22	1	3.6
68	22	1	0.6
51	22	1	1.8
49	22	1	0.6
52	22	1	1.2
67	22	1	0.6
55	22	1	1.2
65	22	1	0.6
42	22	1	1.5
66	22	1	0.6
45	22	1	0.6
24	22	1	2.4
25	22	1	0.6
21	22	1	0.6
22	61	0	2.39389
25	61	0	1.05586
79	61	0	0.955381
20	61	0	0.864465
40	61	0	0.7822
78	61	0	0.707764
7	61	0	0.754071
33	61	0	0.650428
5	61	0	0.524324
18	61	0	0.474428
77	61	0	0.388429
74	61	0	0.587059
76	61	0	0.318019
75	61	0	0.287755
41	61	0	0.260372
70	61	0	0.225452
39	61	0	0.192888
11	61	0	0.174532
28	61	0	0.449695
73	61	0	0.105859
12	61	0	0.0866702
72	61	0	0.0642069
17	61	0	0.0580968
71	61	0	0.0525682
37	61	0	0.0475656
16	61	0	0.0389434
30	61	0	0.0318842
64	61	1	0.6
50	61	1	1.5
47	61	1	0.6
46	61	1	3.6
68	61	1	0.6
51	61	1	1.8
49	61	1	0.6
52	61	1	1.2
67	61	1	0.6
55	61	1	1.2
65	61	1	0.6
66	61	1	0.6
9	61	1	1.2
45	61	1	0.6
24	61	1	2.4
25	61	1	0.6
69	61	1	0.6
61	22	0	0.904837
69	22	1	0.3
61	3	0	0.7822
42	3	0	0.272532
44	3	0	0.245501
79	3	0	0.182684
40	3	0	0.149569
78	3	0	0.135335
33	3	0	0.124372
59	3	0	0.082085
77	3	0	0.0742736
74	3	0	0.112255
76	3	0	0.0608101
75	3	0	0.0550232
41	3	0	0.0497871
70	3	0	0.0407622
39	3	0	0.0368832
28	3	0	0.0758367
73	3	0	0.0202419
72	3	0	0.0122773
71	3	0	0.0100518
51	3	1	0.9
46	3	1	1.2
50	3	1	0.6
49	3	1	0.3
52	3	1	0.6
67	3	1	0.3
55	3	1	0.6
65	3	1	0.3
42	3	1	0.9
66	3	1	0.3
45	3	1	0.3
24	3	1	1.2
25	3	1	0.3
69	3	1	0.3
41	3	1	0.3
28	3	1	0.3
34	3	1	0.3
70	3	1	0.3
53	3	1	0.3
30	3	1	0.3
22	8	0	0.547791
79	8	0	0.149569
78	8	0	0.110803
18	8	0	0.0742736
77	8	0	0.0608101
74	8	0	0.0919064
76	8	0	0.0497871
75	8	0	0.0450492
11	8	0	0.0273237
69	8	1	0.3
70	8	1	0.3
16	8	1	0.3
3	74	0	1.41114
61	74	0	1.10379
22	74	0	0.944155
79	74	0	0.257792
20	74	0	0.23326
40	74	0	0.211062
78	74	0	0.190977
5	74	0	0.141479
18	74	0	0.128016
59	74	0	0.115833
77	74	0	0.10481
66	74	1	0.6
9	74	1	1.2
25	74	1	0.6
21	74	1	1.2
69	74	1	0.6
41	74	1	0.6
28	74	1	1.2
34	74	1	0.6
70	74	1	0.6
53	74	1	0.6
30	74	1	0.6
7	74	1	0.6
16	74	1	0.6
37	74	1	0.6
71	74	1	0.3
74	69	0	3.08804
3	69	0	1.0454
61	69	0	0.81771
22	69	0	0.699448
44	69	0	0.256646
79	69	0	0.190977
20	69	0	0.172803
40	69	0	0.156359
78	69	0	0.141479
7	69	0	0.128016
33	69	0	0.115833
5	69	0	0.10481
18	69	0	0.0948363
59	69	0	0.0858114
77	69	0	0.0776454
76	69	0	0.0635707
75	69	0	0.0575211
41	69	0	0.0520472
70	69	0	0.0426127
39	69	0	0.0385576
11	69	0	0.0348883
28	69	0	0.0701842
1	69	0	0.0258459
73	69	0	0.0211608
51	69	1	1.8
46	69	1	2.4
50	69	1	1.2
49	69	1	0.6
42	69	1	1.8
9	69	1	1.2
21	69	1	1.2
41	69	1	0.6
28	69	1	1.2
34	69	1	0.6
70	69	1	0.6
53	69	1	0.6
30	69	1	0.6
7	69	1	0.6
16	69	1	0.6
37	69	1	0.6
71	69	1	0.6
17	69	1	0.6
72	69	1	0.6
33	69	1	0.3
74	17	0	1.32729
61	17	0	0.351465
44	17	0	0.110311
79	17	0	0.082085
40	17	0	0.0672055
78	17	0	0.0608101
33	17	0	0.0497871
59	17	0	0.0368832
77	17	0	0.0333733
76	17	0	0.0273237
75	17	0	0.0247235
39	17	0	0.0165727
51	17	1	0.9
49	17	1	0.3
42	17	1	0.9
66	17	1	0.3
69	17	1	0.3
41	17	1	0.3
28	17	1	0.6
34	17	1	0.3
70	17	1	0.3
53	17	1	0.3
30	17	1	0.3
37	17	1	0.3
71	17	1	0.3
72	17	1	0.3
33	17	1	0.3
69	24	0	1.55955
74	24	0	1.20098
61	24	0	0.318019
79	24	0	0.0742736
40	24	0	0.0608101
78	24	0	0.0550232
33	24	0	0.0450492
59	24	0	0.0333733
77	24	0	0.0301974
76	24	0	0.0247235
75	24	0	0.0223708
41	24	0	0.0202419
70	24	0	0.0165727
39	24	0	0.0149956
28	24	0	0.0233863
1	24	0	0.0100518
51	24	1	0.6
46	24	1	1.2
49	24	1	0.3
42	24	1	0.9
69	24	1	0.3
41	24	1	0.3
28	24	1	0.6
34	24	1	0.3
70	24	1	0.3
53	24	1	0.3
30	24	1	0.3
7	24	1	0.6
16	24	1	0.3
37	24	1	0.3
71	24	1	0.3
17	24	1	0.3
72	24	1	0.3
33	24	1	0.3
12	24	1	0.3
17	57	0	0.740818
69	57	0	1.27685
74	57	0	0.983281
3	57	0	0.332871
61	57	0	0.260372
22	57	0	0.222715
79	57	0	0.0608101
20	57	0	0.0550232
40	57	0	0.0497871
78	57	0	0.0450492
7	57	0	0.0407622
33	57	0	0.0368832
5	57	0	0.0333733
18	57	0	0.0301974
59	57	0	0.0273237
77	57	0	0.0247235
76	57	0	0.0202419
75	57	0	0.0183156
41	57	0	0.0165727
70	57	0	0.0135686
39	57	0	0.0122773
11	57	0	0.011109
28	57	0	0.0100518
46	57	1	0.9
49	57	1	0.3
51	57	1	0.3
67	57	1	0.3
42	57	1	0.9
66	57	1	0.3
9	57	1	0.6
24	57	1	1.2
25	57	1	0.3
69	57	1	0.3
34	57	1	0.3
70	57	1	0.3
53	57	1	0.3
16	57	1	0.3
71	57	1	0.3
17	57	1	0.3
72	57	1	0.3
73	57	1	0.3
57	29	0	0.904837
24	29	0	0.740818
69	29	0	1.15534
74	29	0	0.889709
8	29	0	0.367879
61	29	0	0.235594
42	29	0	0.082085
9	29	0	0.0742736
44	29	0	0.0672055
79	29	0	0.0550232
20	29	0	0.0497871
40	29	0	0.0450492
78	29	0	0.0407622
18	29	0	0.0273237
59	29	0	0.0247235
77	29	0	0.0223708
76	29	0	0.0183156
75	29	0	0.0165727
41	29	0	0.0149956
70	29	0	0.0122773
39	29	0	0.011109
11	29	0	0.0100518
46	29	1	0.9
50	29	1	0.6
49	29	1	0.3
51	29	1	0.3
52	29	1	0.6
67	29	1	0.3
55	29	1	0.6
65	29	1	0.3
42	29	1	0.9
66	29	1	0.3
45	29	1	0.3
25	29	1	0.3
69	29	1	0.3
41	29	1	0.3
34	29	1	0.3
70	29	1	0.3
53	29	1	0.3
37	29	1	0.3
71	29	1	0.3
72	29	1	0.3
33	29	1	0.3
73	29	1	0.3
44	29	1	0.3
29	14	0	0.904837
57	14	0	0.818731
24	14	0	0.67032
17	14	0	0.606531
69	14	0	1.0454
74	14	0	0.805042
61	14	0	0.213174
22	14	0	0.182344
42	14	0	0.0742736
44	14	0	0.0608101
25	14	0	0.0550232
79	14	0	0.0497871
20	14	0	0.0450492
40	14	0	0.0407622
78	14	0	0.0368832
33	14	0	0.0301974
18	14	0	0.0247235
59	14	0	0.0223708
77	14	0	0.0202419
76	14	0	0.0165727
75	14	0	0.0149956
41	14	0	0.0135686
70	14	0	0.011109
39	14	0	0.0100518
8	14	1	0.9
50	14	1	0.6
49	14	1	0.3
51	14	1	0.3
52	14	1	0.6
67	14	1	0.3
55	14	1	0.6
65	14	1	0.3
42	14	1	0.9
66	14	1	0.3
9	14	1	0.6
46	14	1	0.6
45	14	1	0.3
24	14	1	1.2
25	14	1	0.3
21	14	1	0.6
69	14	1	0.3
41	14	1	0.3
28	14	1	0.9
34	14	1	0.3
70	14	1	0.3
53	14	1	0.3
30	14	1	0.3
7	14	1	0.6
16	14	1	0.3
37	14	1	0.3
71	14	1	0.3
17	14	1	0.3
72	14	1	0.3
33	14	1	0.3
12	14	1	0.3
73	14	1	0.3
44	14	1	0.3
1	14	1	0.3
14	80	0	0.904837
29	80	0	0.818731
57	80	0	0.740818
24	80	0	0.606531
17	80	0	0.548812
69	80	0	0.945914
74	80	0	0.728432
8	80	0	0.301194
3	80	0	0.246597
61	80	0	0.192888
22	80	0	0.164992
42	80	0	0.0672055
9	80	0	0.0608101
44	80	0	0.0550232
25	80	0	0.0497871
79	80	0	0.0450492
20	80	0	0.0407622
40	80	0	0.0368832
78	80	0	0.0333733
7	80	0	0.0301974
33	80	0	0.0273237
5	80	0	0.0247235
18	80	0	0.0223708
59	80	0	0.0202419
77	80	0	0.0183156
76	80	0	0.0149956
75	80	0	0.0135686
41	80	0	0.0122773
70	80	0	0.0100518
8	80	1	0.6
50	80	1	0.6
49	80	1	0.3
51	80	1	0.3
52	80	1	0.6
67	80	1	0.3
55	80	1	0.6
65	80	1	0.3
42	80	1	0.9
66	80	1	0.3
9	80	1	0.6
46	80	1	0.6
45	80	1	0.3
24	80	1	1.2
25	80	1	0.3
21	80	1	0.6
69	80	1	0.3
41	80	1	0.3
28	80	1	1.2
34	80	1	0.3
70	80	1	0.3
53	80	1	0.3
30	80	1	0.3
7	80	1	0.6
16	80	1	0.3
37	80	1	0.3
71	80	1	0.3
17	80	1	0.3
72	80	1	0.3
33	80	1	0.3
12	80	1	0.3
73	80	1	0.3
44	80	1	0.3
1	80	1	0.3
80	26	0	0.904837
14	26	0	0.818731
57	26	0	0.67032
17	26	0	0.496585
69	26	0	0.855899
74	26	0	0.659113
8	26	0	0.272532
61	26	0	0.174532
42	26	0	0.0608101
9	26	0	0.0550232
44	26	0	0.0497871
79	26	0	0.0407622
78	26	0	0.0301974
59	26	0	0.0183156
77	26	0	0.0165727
76	26	0	0.0135686
75	26	0	0.0122773
50	26	1	0.6
49	26	1	0.3
51	26	1	0.3
52	26	1	0.6
67	26	1	0.3
55	26	1	0.6
65	26	1	0.3
42	26	1	0.9
66	26	1	0.3
46	26	1	0.6
45	26	1	0.3
24	26	1	1.2
25	26	1	0.3
21	26	1	0.6
69	26	1	0.3
41	26	1	0.3
28	26	1	1.5
70	26	1	0.3
53	26	1	0.3
37	26	1	0.3
71	26	1	0.3
72	26	1	0.3
73	26	1	0.3
44	26	1	0.3
80	19	0	0.818731
29	19	0	0.67032
57	19	0	0.606531
69	19	0	0.774449
74	19	0	0.587295
61	19	0	0.157923
42	19	0	0.0550232
44	19	0	0.0450492
79	19	0	0.0368832
20	19	0	0.0333733
40	19	0	0.0301974
78	19	0	0.0273237
33	19	0	0.0223708
59	19	0	0.0165727
77	19	0	0.0149956
76	19	0	0.0122773
75	19	0	0.011109
41	19	0	0.0100518
49	19	1	0.3
51	19	1	0.3
52	19	1	0.6
67	19	1	0.3
55	19	1	0.6
65	19	1	0.3
42	19	1	0.9
66	19	1	0.3
46	19	1	0.6
45	19	1	0.3
24	19	1	1.2
25	19	1	0.3
50	19	1	0.3
69	19	1	0.3
41	19	1	0.3
28	19	1	1.5
34	19	1	0.3
70	19	1	0.3
53	19	1	0.3
30	19	1	0.3
37	19	1	0.3
71	19	1	0.3
72	19	1	0.3
33	19	1	0.3
73	19	1	0.3
44	19	1	0.3
19	81	0	0.904837
26	81	0	0.818731
80	81	0	0.740818
14	81	0	0.67032
29	81	0	0.606531
57	81	0	0.548812
24	81	0	0.449329
17	81	0	0.40657
69	81	0	0.700751
74	81	0	0.531406
8	81	0	0.22313
3	81	0	0.182684
61	81	0	0.142895
22	81	0	0.122229
42	81	0	0.0497871
9	81	0	0.0450492
44	81	0	0.0407622
25	81	0	0.0368832
79	81	0	0.0333733
20	81	0	0.0301974
40	81	0	0.0273237
78	81	0	0.0247235
7	81	0	0.0223708
33	81	0	0.0202419
5	81	0	0.0183156
18	81	0	0.0165727
59	81	0	0.0149956
77	81	0	0.0135686
76	81	0	0.011109
75	81	0	0.0100518
51	81	1	0.3
52	81	1	0.6
67	81	1	0.3
55	81	1	0.6
65	81	1	0.3
42	81	1	0.9
66	81	1	0.3
9	81	1	0.6
46	81	1	0.6
45	81	1	0.3
24	81	1	1.2
25	81	1	0.3
21	81	1	0.6
50	81	1	0.3
69	81	1	0.3
41	81	1	0.3
28	81	1	1.5
34	81	1	0.3
70	81	1	0.3
53	81	1	0.3
8	81	1	0.3
30	81	1	0.3
7	81	1	0.6
16	81	1	0.3
37	81	1	0.3
71	81	1	0.3
17	81	1	0.3
72	81	1	0.3
33	81	1	0.3
12	81	1	0.3
73	81	1	0.3
44	81	1	0.3
1	81	1	0.3
11	81	1	0.3
39	81	1	0.3
83	84	0	4.20141
84	85	0	0.904837
83	85	0	0.818731
85	83	0	0.904837
84	83	0	0.818731
83	86	0	2.04959
85	86	0	1.06533
84	86	0	2.87198
86	84	0	3.4402
85	84	0	1.71348
84	87	0	6.82774
86	87	0	1.7319
83	87	0	0.63147
85	87	0	0.328223
87	88	0	0.904837
84	88	0	2.54735
86	88	0	0.646154
83	88	0	0.235594
85	88	0	0.122456
88	87	0	1.57516
87	89	0	2.60002
88	89	0	1.09126
84	89	0	2.77983
86	89	0	0.705124
83	89	0	0.257095
85	89	0	0.133632
89	90	0	0.904837
87	90	0	1.48905
88	90	0	0.740818
84	90	0	1.88713
86	90	0	0.478683
83	90	0	0.174532
85	90	0	0.0907179
90	87	0	0.904837
89	87	0	0.818731
87	91	0	1.42374
90	91	0	0.548812
89	91	0	0.496585
88	91	0	0.40657
84	91	0	1.03568
86	91	0	0.262707
83	91	0	0.0957854
85	91	0	0.0497871
91	89	0	0.67032
90	89	0	0.367879
84	92	1	0.6
87	92	1	0.9
88	92	1	0.3
89	92	1	0.6
90	92	1	0.3
91	92	1	0.3
87	93	0	3.98903
93	94	0	1.64829
87	94	0	0.334583
94	95	0	0.451639
93	95	0	0.125311
87	95	1	2.7
93	95	1	0.3
